	177	0
	67	1
	82	10
	99	1003
	76	1008
	77	1009
	675	1012
	190	1018
	4	1019
	696	1020
	79	1021
	45	1022
	52	1023
	2031	1024
	71	1025
	112	1026
	243	1027
	20	1032
	96	1036
	705	104
	74	1040
	98	1041
	60	1042
	2	1043
	14	1044
	44	1045
	1	1052
	1	1053
	2	1054
	101	1055
	44	1056
	119	1057
	215	1061
	1277	1062
	127	1063
	128	1067
	47	1073
	117	1074
	114	1076
	37	1084
	11	1085
	90	1086
	125	1087
	15	1088
	2402	109
	23	1090
	72	1095
	6	1096
	1314	1098
	95	1099
	8346	110
	38	1104
	105	1105
	3	1106
	127	1107
	846	1108
	36	1109
	1089	111
	214	1110
	5174	1111
	939	1112
	71	1113
	53	1114
	142	1115
	3035	1116
	8972	112
	7	1121
	62	1124
	30	1125
	106	1126
	761	1127
	4	1128
	95	1129
	9284	113
	92	1137
	67	1138
	1	1139
	56	114
	98	1141
	80	1142
	1404	1143
	7	1144
	21	1145
	44	1146
	136	1147
	214	1148
	6245	115
	57	1151
	30	1153
	1060	1154
	80	1157
	66	116
	2865	1166
	88	1167
	267	1169
	7	1173
	9	1174
	10	1175
	20	1176
	12	1177
	12	1178
	5	118
	5672	1181
	38	1184
	72	1185
	86	1186
	114	1187
	70	1188
	91	1189
	40	119
	37	1196
	26	120
	86	1202
	130	1203
	75	1204
	59	1206
	86	1207
	61	1208
	109	1210
	41	1214
	81	1217
	7	1219
	61	1220
	174	1221
	1	1222
	68	1229
	30	123
	931	1230
	138	1231
	70	1232
	79	1236
	63	1237
	84	1239
	5	124
	739	1242
	4	1243
	27	1245
	9	1246
	4	125
	38	1252
	219	1257
	123	126
	109	1260
	35	1262
	39	127
	89	1272
	1073	1273
	72	1274
	32	1275
	92	1276
	66	128
	12	1280
	16	1281
	38	1282
	5706	1283
	2713	1284
	14580	129
	100	1291
	18	1294
	68	1298
	96	1299
	50	130
	62	1301
	4	1303
	113	1304
	985	1305
	65	1306
	71	1308
	597	1309
	24	131
	19	132
	117	1321
	80	1322
	60	1323
	21	1324
	7	1325
	9	1326
	17	1327
	10	1328
	99	1329
	24	133
	44	1330
	47	1331
	136	1332
	49	1333
	118	1336
	66	1337
	1536	1339
	21	134
	2	1343
	55	135
	480	1351
	93	1352
	55	1353
	1729	1355
	73	1356
	57	1357
	51	1358
	2332	1359
	21	136
	1091	1362
	15	1363
	18	1364
	12	1365
	5	1366
	14	1367
	51	1368
	61	1369
	139	137
	47	138
	168	1380
	7520	1381
	155	1383
	673	1384
	56	1389
	62	1390
	68	1391
	546	1396
	1	1398
	82	140
	19	1402
	15	1404
	11	1405
	18	1407
	84	1408
	82	1413
	76	1419
	12	1420
	125	1421
	43	1427
	41	1428
	99	1429
	2	1431
	199	1434
	8136	1436
	117	1437
	699	1438
	1567	1439
	128	1441
	89	1442
	3259	1445
	139	1446
	101	1447
	80	1465
	54	1466
	71	1467
	45	1468
	83	1472
	8	1481
	69	1482
	115	1483
	10	1484
	200	1485
	604	1490
	89	1491
	1180	1492
	254	1493
	72	1495
	34	1500
	52	1501
	141	1502
	14	1503
	6	151
	6770	1514
	91	1515
	13433	1516
	4	152
	1	1520
	213	1521
	73	1529
	52	1531
	187	1532
	4052	1533
	6	1534
	682	1537
	159	1538
	118	1540
	1	1542
	1	1543
	159	1544
	1752	1545
	710	1548
	12	1550
	50	1551
	88	1552
	6	1564
	12	1565
	61	1566
	7	1567
	3297	1571
	211	1574
	104	1575
	217	1578
	736	1582
	3	159
	8	1590
	2	1591
	85	1592
	125	1593
	5	1594
	183	1595
	15	1597
	9	1598
	47	1603
	75	1604
	50	1608
	95	1609
	2	161
	79	1610
	80	1611
	11	1618
	72	162
	244	1623
	87	1626
	6	1628
	414	1630
	2067	1631
	1195	1642
	168	1647
	3602	1648
	75	1654
	744	1655
	105	1656
	154	1659
	2849	1660
	35	167
	44	1674
	6	1675
	43	168
	95	1685
	100	1686
	86	1689
	39	169
	105	1690
	29	1691
	9	1703
	11	1704
	18	1705
	145	1706
	825	1707
	201	1711
	14	1712
	90	1715
	118	1716
	72	1725
	57	1727
	149	1728
	8521	173
	230	1733
	1593	1736
	75	1737
	51	1738
	117	1739
	69	174
	808	1742
	78	1743
	28	1744
	135	1745
	1	1746
	3817	175
	111	1759
	105	176
	90	1763
	18	177
	32	1770
	4	1771
	171	1779
	66	178
	148	1784
	1	1785
	53	1786
	39	1787
	70	179
	984	1792
	2494	1794
	36	1795
	181	1796
	5	1797
	140	1799
	79	180
	608	1804
	5147	1808
	35	1809
	27	181
	53	1811
	94	1812
	72	1813
	10499	1817
	50	1818
	29	1819
	8	182
	28	1820
	35	1821
	81	1822
	143	1823
	706	1825
	43	1826
	117	1828
	131	1829
	40	183
	170	1830
	74	1831
	74	1832
	35652	1833
	757	1836
	135	1838
	214	1839
	100	1840
	3705	1842
	713	1843
	195	1845
	46	1846
	4	1848
	78	1849
	11	1850
	91	1853
	1	1854
	106	1859
	49	186
	41	1860
	60	1861
	26	1862
	139	1863
	54	1864
	35	1865
	119	1866
	81	1867
	38	1869
	63	187
	62	1870
	79	1871
	348	1881
	70	1887
	57	189
	122	1890
	249	1897
	92	1898
	686	1899
	15	190
	50	1900
	83	1901
	13784	1908
	52	191
	8	1911
	8	1912
	47	1915
	4	1919
	42	192
	107	1920
	138	1921
	87	1922
	84	1923
	82	1924
	111	1925
	96	1926
	79	1927
	3	1928
	4	193
	583	1931
	8	1932
	8	1934
	130	1935
	11	1937
	269	194
	544	1946
	44	1949
	487	1950
	120	1951
	73	1952
	106	1953
	79	1957
	43	1958
	47	196
	117	1966
	1	1967
	25	197
	117	1973
	707	1976
	78	1978
	117	1979
	38	198
	126	1980
	67	1981
	9	1983
	8	1984
	1	1985
	88	1986
	83	1987
	32	199
	66	1990
	64	1992
	88	1995
	100	2001
	357	2002
	36	2004
	70	2005
	47	2006
	242	2007
	71	2009
	173	201
	3	2011
	52	2012
	69	2013
	73	2014
	128	2015
	81	2016
	85	2017
	57	202
	96	2021
	70	2022
	1	2023
	71	2024
	51	2025
	79	2026
	110	2027
	16	203
	688	2031
	57	2036
	62	2037
	95	2038
	6	204
	246	2040
	91	2041
	101	2042
	164	2045
	55	2046
	84	2047
	2794	2048
	4	205
	170	2053
	164	2056
	8	2057
	717	2058
	65	2059
	129	2060
	45	2061
	334	2062
	253	2063
	4752	2065
	92	2070
	166	2071
	200	2072
	63	2074
	1998	2075
	192	2076
	34	2078
	34	2079
	108	2080
	40	2082
	31	2083
	5918	2088
	6	2089
	97	2090
	156	2091
	89	2094
	232	2095
	132	2096
	137	2097
	48	2098
	333	2099
	83	210
	22	2100
	37	2101
	94	2102
	75	2106
	131	2108
	593	2119
	88	212
	239	2120
	119	2121
	70	2122
	63	2123
	138	2124
	115	2132
	136	2135
	126	2138
	84	2139
	85	2140
	5	2141
	28	2143
	61	2145
	33	2146
	97	2147
	308	2157
	25	2158
	67	2160
	35	2161
	711	2162
	141	2163
	97	2165
	273	2167
	980	2168
	132	2171
	55	2181
	207	2183
	51	2184
	73	2185
	82	2186
	3296	2187
	33	219
	4	2196
	164	2197
	81	2198
	4	22
	72	220
	138	2201
	122	2202
	224	2203
	743	2207
	45	2208
	136	2209
	19	221
	302	2213
	217	2216
	58	2219
	184	222
	73	2220
	2435	2226
	69	2229
	58	223
	114	2233
	89	2234
	192	2235
	7	2237
	74	2238
	100	2239
	31	224
	60	2240
	421	2241
	775	2246
	9	2250
	156	2259
	1	2269
	27	227
	91	2270
	88	2271
	310	2272
	70	2273
	26	228
	73	2281
	80	2282
	39	2287
	628	2289
	28	229
	556	2293
	9	2294
	14	230
	1	2300
	59	2301
	25	2302
	15	2303
	71	2305
	74	2308
	20	231
	656	2311
	34	2313
	182	2317
	44	2318
	34	2319
	6	232
	62	2320
	522	2321
	90	2324
	711	2325
	92	2326
	47	2327
	79	2328
	42	2329
	48	2330
	27	2331
	2817	2332
	84	2334
	43	2335
	127	2336
	34	2337
	38	2338
	21	2339
	58	234
	1015	2342
	65	2347
	148	2348
	81	235
	71	2350
	193	2351
	103	2352
	1	2358
	12	2359
	24	236
	245	2363
	728	2366
	16	237
	101	2370
	67	2375
	61	2376
	63	2377
	8	238
	277	2381
	152	2385
	65	2389
	15	239
	142	2391
	76	2392
	76	2393
	169	2394
	302	2397
	1342	2399
	13	240
	8219	2402
	124	2403
	55	2404
	180	2407
	621	2408
	329	2409
	18	241
	141	2410
	76	2416
	58	2417
	58	2418
	23168	2419
	3	242
	78	2420
	115	2421
	39	2422
	117	2423
	2799	2424
	43	243
	208	2431
	149	2433
	74	2436
	25	2437
	109	244
	704	2442
	85	2443
	96	2444
	91	2445
	88	2446
	131	2447
	31	245
	228	2454
	159	2457
	81	2458
	44	2462
	101	2463
	77	2464
	212	2465
	43	2467
	25	247
	7024	2470
	5	2475
	115	2476
	21	2477
	170	2478
	115	248
	48	2484
	100	2487
	640	2488
	107	2489
	95	249
	43	2499
	30	25
	15	250
	28	2500
	101	2501
	42	2502
	323	2503
	215	2504
	56	2507
	3576	2508
	658	2511
	99	252
	3648	2527
	1	2528
	22	253
	1	2532
	80	2533
	60	2534
	66	2539
	862	254
	670	2540
	1676	2541
	3	2542
	96	2543
	122	2545
	137	2546
	5349	2547
	13	2548
	351	255
	67	2551
	104	2552
	15049	2557
	93	2559
	150	2560
	66	2561
	70	2562
	67	2563
	159	2568
	673	2574
	104	2576
	45	2578
	30	2579
	55	258
	335	2581
	73	2583
	8	259
	716	2590
	156	2593
	84	26
	62	260
	89	2600
	43	2601
	92	2603
	120	2604
	1	2610
	437	2612
	55	2613
	77	2614
	586	262
	61	2622
	93	2627
	31	263
	74	2634
	751	2635
	2	2640
	55	2647
	620	2648
	91	2650
	110	2652
	87	2654
	24	2655
	90	2656
	90288	2657
	72	2659
	182	2664
	97	2673
	79	2674
	1	2675
	389	2676
	2436	2677
	4	2682
	78	2683
	3716	2684
	641	2690
	76	27
	669	2700
	78	2701
	55	2707
	32	2708
	112	2709
	61	271
	7344	2710
	43	2712
	14	2713
	8889	2714
	46	2715
	2133	2718
	300	2720
	37	2725
	54	2726
	457	2730
	692	2731
	60	2732
	1315	2733
	93	2734
	76	2735
	37	2739
	20	274
	66	2740
	37	2741
	87	2742
	3893	2748
	55	2750
	69	2751
	393	2753
	1561	2754
	66	2756
	59	2758
	681	2759
	80	276
	103	2760
	174	2766
	1	2768
	73	2769
	36	277
	93	2770
	107	2778
	169	2779
	706	2785
	4225	2786
	75	2788
	56	2789
	32	279
	103	2790
	1	2793
	3253	2799
	106	28
	89	2802
	49	2803
	112	2811
	300	2813
	1	2817
	1	2818
	47	282
	51	2828
	81	2829
	20	283
	55	2830
	677	2831
	1	2833
	20	284
	16	2842
	76	2845
	50	2846
	73	2847
	100	285
	265	2850
	775	2854
	85	2856
	96	2857
	72	2858
	80	2865
	2	2873
	92	2875
	91	2876
	55	2879
	54	2880
	81	2881
	580	2883
	134	2888
	82	289
	315	2890
	112	2891
	1068	29
	4	2904
	24	2907
	82	2908
	99	2909
	107	2914
	2421	2921
	140	2922
	97	2923
	69	2924
	87	2925
	1577	2926
	970	2927
	69	2935
	258	2939
	197	294
	11	2940
	39	2941
	75	2942
	102	2943
	61	2944
	84	2949
	391	295
	3700	2950
	127	2952
	338	2953
	36	2954
	70	2955
	40	296
	133	2960
	1927	2968
	105	2969
	2894	2978
	404	298
	17	2981
	89	2985
	118	2986
	74	2987
	86	2988
	269	299
	716	2992
	135	2995
	194	2996
	118	2999
	31	300
	226	3002
	252	3003
	68	301
	2008	3013
	131	3016
	675	3017
	75	3018
	57	3019
	15	302
	308	3025
	24	303
	80	3030
	5791	3031
	371	3038
	35	304
	51	3043
	43	3044
	90	3045
	94	3046
	2	3047
	72	3048
	63	3049
	28	305
	90	3050
	45	3051
	667	3054
	181	3056
	41	3060
	53	3063
	128	3064
	89	3066
	4555	3070
	122	3072
	25	3078
	25	3080
	28	3081
	88	3083
	700	3090
	20	3096
	130	3097
	375	3099
	54	3100
	90	3101
	37	3109
	96	3111
	59	3115
	2160	3116
	7	3117
	116	3118
	91	3119
	107	3123
	161	3124
	41	3126
	304	3128
	8586	3129
	5	3130
	271	3131
	121	3132
	701	3135
	72	3138
	84	3144
	53	3145
	58	3146
	1	3149
	107	315
	57	316
	10	3160
	54	3161
	42	3162
	68	3163
	122	3165
	108	3166
	683	3167
	125	317
	392	3176
	58	3178
	174	318
	67	3180
	84	3182
	68	3190
	130	3192
	69	3193
	2484	3196
	1619	3198
	289	3201
	151	3202
	47	3203
	80	3204
	333	3208
	7054	3214
	135	3216
	75	3219
	83	3220
	95	3222
	44	3224
	255	3226
	2	3229
	41	323
	49	3230
	30	3231
	14	3232
	41	3236
	110	3237
	5230	3238
	78	324
	120	3241
	38	3242
	203	3243
	124	3246
	175	3247
	189	3249
	3111	3250
	58	3251
	2103	3253
	306	3256
	16	326
	74	3267
	63	3268
	69	3269
	21	327
	94	3270
	399	3272
	3090	3275
	51	3277
	39	3279
	22	328
	132	3280
	99	3281
	1	3283
	99	3285
	67	3288
	25	3289
	1010	329
	82	3290
	114	3291
	108	3299
	3	33
	58	3303
	1	3304
	79	3305
	106	3306
	30	3307
	62	3308
	55	3309
	99	3310
	62	3311
	465	3312
	92	3315
	238	3317
	81	3327
	62	3328
	884	333
	71	3330
	91	3335
	2716	3338
	108	3340
	1468	3341
	1	3342
	340	3343
	256	3345
	34	3347
	54	3348
	75	3349
	108	3350
	42	3352
	49	3360
	2	3361
	232	3363
	24	3367
	30	3369
	15	3370
	56	3371
	56	3373
	290	3378
	2142	3379
	1	3380
	67	3381
	59	3384
	80	3385
	39	3386
	44	3389
	100	3390
	227	3397
	43	3398
	34	3399
	5631	3407
	32	3408
	132	3411
	96	3414
	137	3416
	93	3417
	3797	3420
	59	3423
	86	3426
	730	3427
	86	3429
	536	3433
	122	3434
	3695	3436
	168	3442
	284	3445
	1	3454
	3006	3455
	123	3460
	126	3462
	104	3467
	128	3472
	80	3477
	71	3478
	64	348
	929	3481
	363	3485
	99	3486
	3718	349
	55	3490
	120	3492
	98	350
	2187	3500
	1	3505
	1	3506
	237	3510
	6132	3513
	2557	3514
	169	3515
	1705	3516
	135	352
	290	3521
	30	3522
	124	3529
	33	353
	2	3531
	38	3532
	47	3535
	2940	3536
	5	3537
	1975	3538
	18	3540
	195	3541
	95	3544
	16	3545
	25	3547
	9	355
	84	3550
	223	3554
	69	3559
	29	3560
	439	3562
	33	3563
	27	3571
	3413	3572
	2	3575
	20	3578
	181	3579
	47	358
	40604	3592
	562	3593
	71	3594
	2917	3595
	4558	3598
	81	36
	46	360
	223	3601
	42	3602
	42	3603
	33	3604
	1521	3608
	540	3609
	126	361
	20	3613
	33	3614
	224	3615
	92	3618
	51	3624
	93	3625
	225	3626
	2	3627
	161	363
	2639	3633
	151	3636
	81	3642
	393	3647
	688	365
	28	3655
	45	3656
	315	3658
	73	3660
	1	3674
	68	3675
	51	3676
	14	3677
	43	3678
	305	3683
	52	3690
	124	3691
	40	3696
	2715	3706
	39	3709
	55	3710
	115	3714
	51	3717
	474	3718
	4764	3720
	1683	3725
	68	3728
	1	3729
	244	3730
	9101	3731
	329	3743
	319	3750
	1467	3751
	33	3753
	37	3754
	57	3755
	47	3756
	68	3757
	1	3761
	421	3767
	46	3770
	70	3773
	405	3774
	68	3775
	12705	3776
	1339	3783
	97	3786
	67	3787
	317	3790
	1	3793
	93	3795
	24	3796
	72	3797
	186	3801
	1235	3802
	224	3806
	61	3812
	27	3817
	253	3818
	2058	3820
	31	3825
	264	3827
	2	383
	433	3831
	2216	3832
	1	3833
	171	3835
	9	384
	26	3840
	76	3841
	314	3844
	992	385
	36	3850
	36	3851
	60	3853
	24987	3854
	102	3856
	1439	3861
	493	3868
	71	387
	1	3874
	107	388
	1	3882
	1	3883
	7306	3885
	442	3886
	81	389
	1624	3892
	1126	3898
	371	390
	87	3910
	22	3912
	33	3916
	108	3917
	59	3918
	6866	3919
	5915	3920
	4167	3921
	7347	3922
	235	3923
	7025	3926
	6557	3927
	231	3928
	106	393
	41	3931
	175	3932
	276	3933
	6825	3935
	5865	3936
	6859	3937
	5485	3939
	76	394
	6538	3940
	21	3943
	37	3944
	36	3945
	18	3946
	387	3947
	113	395
	48	3951
	93	3952
	439	3956
	34	3958
	1156	396
	786	3962
	5592	3964
	64	397
	252	3970
	387	3973
	2	3977
	120	398
	48	3984
	98	3985
	98	3986
	1458	3989
	12630	3994
	231	3995
	24	3997
	72	3998
	29	3999
	379	4002
	30	4008
	22	4009
	29	4010
	32	4011
	53	4014
	3764	4015
	335	4019
	68	402
	18	4020
	26	4021
	41	4022
	39	4023
	61	4032
	149	4033
	1333	4034
	18	4043
	63	4044
	123	4045
	244	4052
	131	4055
	24	4056
	222	4061
	100	4062
	15	4067
	4719	4068
	379	4070
	69	4071
	448	4075
	1441	4076
	863	4083
	409	4089
	51	4094
	894	4098
	20	41
	4525	4102
	770	4105
	618	4112
	7	4113
	1055	4126
	983	4127
	387	4133
	150	414
	959	4141
	1703	4142
	261	4147
	1196	4151
	218	4159
	116	4162
	867	4169
	332	4173
	343	4184
	942	4186
	2073	4188
	1090	4189
	152	419
	289	4193
	70	4196
	82	42
	117	420
	939	4206
	25	421
	180	4212
	2596	4216
	108	422
	6168	4220
	528	4221
	816	4227
	2086	4231
	924	4233
	850	4242
	2064	4245
	765	4248
	168	4249
	2411	4252
	1429	4255
	724	426
	20	4262
	42	4263
	30	4268
	50	4271
	25	4273
	9658	4275
	39	4277
	47	4280
	54	4281
	1073	4283
	416	4284
	2653	4286
	267	4293
	82	4294
	61	4298
	45	4299
	54	43
	114	430
	50	4300
	27	4301
	1126	4303
	25	4304
	59	4311
	219	4312
	42	4313
	51	4314
	290	4315
	57	4320
	646	4321
	1052	4323
	444	4326
	5269	4329
	2011	4330
	6555	4331
	72	4332
	298	4336
	6669	4337
	33	4339
	136	4340
	90	4341
	373	4342
	22	4343
	30	4346
	69	4347
	44	4349
	726	4353
	191	4354
	801	4356
	43	4357
	52	436
	85	4361
	3734	4362
	271	4366
	54	4369
	102	437
	1672	4370
	283	4374
	2	4375
	53	4381
	363	4383
	1245	4386
	53	4389
	95	439
	34	4390
	21	4391
	349	4392
	22	4393
	2748	4397
	109	44
	36	4400
	2051	4401
	21	4402
	179	4405
	3567	4408
	313	441
	930	4412
	59	4418
	37	442
	3989	4420
	56	4424
	27	4425
	28	4426
	36	4427
	2177	4431
	13	4435
	359	4436
	1574	4437
	664	4439
	360	4445
	23456	4446
	16597	4447
	2694	4448
	1866	4449
	105	445
	63	4450
	54	4454
	172	4455
	4155	4456
	9494	4459
	1323	446
	14	4460
	113	4461
	20	4462
	3056	4464
	365	4465
	47	4471
	235	4474
	326	4475
	830	4476
	315	4484
	69	4485
	3342	4487
	116	4488
	7	4489
	450	4491
	59	4492
	1004	4496
	175	4497
	66	45
	4129	4501
	130	4502
	3689	4504
	59	4505
	465	4506
	68	4509
	171	451
	35	4511
	31	4512
	25	4513
	88	4514
	10064	4517
	41	4519
	1071	4522
	45	4523
	46	4524
	48	4525
	183	4526
	19	453
	66	4531
	24	4532
	204	4533
	3003	4534
	445	4537
	563	4538
	22	4539
	20	454
	37	4544
	32	4545
	56	4546
	24817	4548
	6	455
	112	4550
	24	4551
	319	4554
	29	4555
	155	4558
	27	4560
	148	4561
	242	4564
	137	4565
	943	4566
	4969	4570
	1932	4571
	311	4572
	242	4575
	277	4578
	116	4581
	104	4582
	197	4583
	2463	4584
	69	4585
	266	4587
	46	4588
	21	4589
	11	459
	106	4591
	147	4592
	32	4593
	51	4595
	27	4596
	44	4598
	33	4599
	47	46
	91	4600
	304	4602
	13	4607
	356	4608
	28	4611
	268	4612
	3794	4617
	44	4618
	326	4619
	14	462
	3607	4621
	377	4624
	229	4629
	16	463
	85	4632
	235	4633
	513	4634
	35	4635
	42	4638
	106	4639
	131	4644
	1846	4645
	65	4646
	29	4647
	63	4648
	171	4649
	22	465
	122	4651
	59	4652
	328	4654
	2993	4655
	66	4656
	93	4657
	28	4658
	55	4659
	29	466
	29	4661
	25	4662
	43	4663
	29	4664
	1264	4665
	32	4667
	128	4668
	2607	4672
	29	4678
	32	4679
	33	468
	62	4680
	72	4682
	93	4685
	507	4686
	46	4687
	675	469
	33	4691
	49	4694
	746	4695
	18	47
	90	470
	3590	4702
	103	4704
	344	4705
	2419	4707
	3704	4708
	110	471
	55	4712
	84	4713
	203	4714
	49	4715
	67	4716
	505	4717
	39	4719
	14	4720
	194	4721
	362	4722
	176	4724
	52	4726
	94	4727
	21	4728
	53	4729
	57	4732
	496	4733
	175	4735
	37	4737
	21	4738
	21	4739
	129	474
	86	4740
	32	4741
	173	4745
	4	4746
	639	4748
	102	4749
	134	4750
	79	4752
	4664	4753
	1486	4754
	42	4755
	24	4757
	14	4758
	77	4759
	17	476
	164	4760
	38	4761
	11480	4762
	93	4763
	98	4764
	2467	4765
	121	4766
	29	4767
	31	4768
	28	4769
	9	477
	21	4770
	50	4771
	200	4772
	167	4773
	214	4777
	380	4778
	22	478
	68	4782
	55	4783
	2406	4784
	354	4786
	144	4787
	1787	4788
	12	479
	186	4790
	261	4794
	21	4795
	407	4796
	126	4797
	1055	4798
	16	48
	9	480
	58	4800
	15	4802
	1372	4806
	16355	4807
	51	4808
	25	4809
	12	481
	120	4810
	257	4813
	27	4814
	19	4815
	423	4816
	47	4820
	69	4821
	315	4822
	2517	4823
	373	4825
	6062	4827
	489	4828
	15	483
	52	4832
	41	4833
	2975	4834
	28	4836
	32	4837
	68	4838
	2331	4839
	26	4840
	37	4841
	64	4845
	51	4846
	107	4847
	35	4848
	12	4850
	77	4851
	23	4852
	24	4853
	25	4854
	21	4855
	40	4856
	35	4857
	104	4858
	549	4859
	27	4860
	2734	4862
	47	4866
	42	4867
	22	4868
	145	4870
	60	4871
	50	4873
	75	4874
	340	4875
	51	4877
	6723	4879
	19	4880
	20	4881
	24	4882
	77	4883
	141	4885
	3176	4886
	126	4887
	274	4888
	407	4890
	2149	4891
	173	4894
	201	4896
	631	49
	301	4901
	2702	4902
	2677	4903
	210	4905
	324	4907
	162	4910
	133	4912
	2848	4913
	848	4915
	4582	4920
	5916	4922
	7296	4923
	50	4925
	51	4926
	28	4927
	9125	4928
	61	4929
	28	493
	318	4930
	41	4931
	212	4932
	2136	4933
	1499	4934
	82	4935
	99	4936
	282	4937
	117	494
	130	4940
	72	4941
	477	4942
	1216	4943
	40	4945
	57	4946
	94	4947
	141	4948
	22	4949
	354	495
	359	4952
	73	4954
	66	4955
	115	4956
	1517	4959
	209	4961
	58	4962
	105	4963
	58	4964
	43	4965
	67	4966
	2415	4967
	271	4968
	166	497
	3208	4971
	513	4972
	2376	4975
	42	4977
	81	4979
	13	498
	630	4980
	409	4981
	3008	4984
	2313	4985
	226	4986
	33	4988
	339	4991
	362	4994
	3821	4995
	6	4999
	14	5000
	2819	5002
	7	5005
	69	5006
	42	5007
	43	5008
	304	5009
	22	5010
	5	5011
	31	5012
	35	5013
	138	5014
	4511	5015
	392	5016
	105	5018
	121	5020
	45	5021
	268	5022
	1454	5023
	31	5025
	36	5026
	141	5027
	419	5028
	62	5030
	40	5031
	776	5035
	32	5036
	6072	5037
	3273	5045
	9	5046
	39	5047
	60	5048
	640	5049
	125	5050
	34	5057
	112	5058
	1678	5061
	54	5062
	34	5063
	95	5064
	53	5065
	2471	5066
	4927	5067
	9	5068
	15	5069
	45	5070
	98	5071
	98	5072
	25	5073
	181	5074
	365	5075
	63	5076
	38	5079
	48	5080
	32	5081
	55	5082
	8851	5083
	300	5084
	6793	5086
	87	5088
	80	5089
	47	5090
	1720	5091
	2640	5092
	1721	5094
	26	5095
	125	5096
	29	5097
	143	5098
	75	5099
	7	51
	7	5100
	74	5101
	31	5102
	63	5104
	2	5105
	82	5106
	156	5107
	2729	5110
	165	5112
	33	5113
	226	5116
	130	5117
	39	5118
	15	5119
	2809	512
	53	5120
	57	5121
	449	5122
	6232	5124
	35	5125
	25	5126
	29	5127
	13	5128
	5018	5129
	38	513
	8	5131
	7449	5132
	54	5133
	119	5136
	2970	5138
	181	5139
	86	514
	222	5140
	47	5141
	61	5142
	50	5145
	37	5146
	24	5147
	176	5148
	1290	515
	223	5153
	9624	5154
	7235	5155
	29	5156
	64	5157
	218	5158
	65	5159
	4360	516
	172	5163
	153	5165
	2313	5166
	241	5167
	60	5168
	187	5169
	3747	517
	102	5170
	46	5172
	166	5173
	266	5174
	232	5177
	5562	5178
	390	5179
	838	518
	1050	5180
	74	5181
	51	5184
	38	5187
	69	5188
	437	5189
	81	519
	2652	5190
	14	5192
	286	5193
	63	5194
	45	5195
	106	5196
	324	5197
	15	5198
	54	5199
	3	52
	759	520
	16	5200
	40	5201
	38	5202
	12695	5203
	56	5204
	85	5205
	61	5207
	489	5208
	341	5210
	806	5211
	5	5212
	3064	5213
	7968	5214
	75	5217
	50	5218
	586	5219
	1522	5221
	36	5223
	174	5224
	276	5225
	42	5226
	32	5227
	288	5230
	120	5231
	38	5232
	124	5233
	69	5234
	57	5236
	276	5237
	40	5239
	75	5240
	2115	5241
	15	5242
	30	5243
	79	5244
	110	5245
	5888	5246
	8970	5247
	36	5248
	486	5249
	58	5250
	122	5251
	6	5252
	328	5254
	50	5255
	3763	5256
	540	5258
	88	5259
	61	526
	21	5260
	30	5261
	55	5262
	5	5263
	65	5264
	10121	5269
	42	5271
	40	5272
	752	5274
	35	5276
	96	5277
	59	5278
	216	5280
	60	5281
	99	5282
	2137	5284
	65	5285
	273	5286
	3652	5287
	411	5288
	43	5292
	47	5294
	38	5295
	24315	5296
	36	5297
	41	5298
	1	53
	179	530
	38	5300
	49	5301
	1116	5303
	180	5304
	70	5307
	1007	5308
	61	5312
	53	5315
	34	5316
	3118	5318
	214	532
	56	5320
	115	5321
	43	5323
	3636	5324
	37	5326
	33	5327
	46	5328
	30	5329
	49	5330
	43	5331
	56	5332
	40	5333
	60	5334
	92	5335
	81	5337
	924	534
	63	5340
	43	5341
	17	5342
	27	5345
	1160	5347
	146	535
	35	5353
	121	5354
	151	5355
	367791	5358
	5510	536
	3093	5362
	6893	5363
	78	5365
	4754	5370
	29	5373
	103	5374
	82	5377
	20	5378
	45	5379
	107	538
	30	5380
	33	5381
	2296	5387
	12	5388
	61	5389
	991	539
	30	5390
	81	5391
	74	5394
	87	5395
	26	5397
	35	5398
	49	5399
	3	54
	1527	540
	266	5400
	30	5405
	127	5406
	8396	5410
	80	5414
	52	5415
	99	5416
	99	542
	3174	5421
	31	5424
	18	5426
	25	5427
	119	5429
	96	543
	33	5438
	34	5439
	707	544
	174	5442
	27	5443
	1071	545
	416	5450
	10682	5453
	4626	5454
	1883	5455
	45	5467
	19	5468
	69	547
	89	5473
	39	5476
	44	5477
	795	5481
	34	5488
	33	5489
	132	549
	40	5493
	1800	5496
	8	55
	101	550
	34	5504
	38	5505
	72	5506
	71	5507
	1779	5508
	90	551
	12	5511
	200	5512
	31	5516
	8	5517
	121	5518
	93	5521
	1001	5522
	32	5523
	57	5524
	54	5525
	6985	5527
	1227	5529
	70	5530
	44	5531
	60	5532
	23	5533
	63	5534
	127	5535
	22	5536
	2662	5537
	572	5538
	6640	5539
	575	554
	28	5544
	106	5545
	54	5547
	34	5548
	57	5549
	246	555
	4427	5551
	4482	5552
	4882	5553
	4118	5554
	4126	5555
	40	5558
	22	5560
	53	5561
	74	5562
	3561	5563
	50	5567
	27	5568
	65	557
	66	5570
	139	5575
	47	5576
	68	5579
	8	558
	2035	5580
	59	5581
	88	5582
	40	5583
	32	5584
	27	5585
	138	5586
	1658	5588
	1728	5592
	17	5593
	437	5594
	819	5598
	36	5599
	6	56
	139	5600
	742	5601
	16	5602
	59	5603
	118	5604
	2036	5605
	4785	5606
	6731	5608
	184	5609
	3	5610
	109	5611
	3447	5612
	968	5613
	66	5615
	64	5616
	2713	5618
	344	5619
	88	562
	2498	5621
	43	5624
	1526	5625
	49	5627
	83	5628
	84	5629
	977	563
	79	5630
	109	5632
	26	5633
	87	5634
	3488	5637
	63	5639
	1	564
	396	5640
	1839	5641
	35	5642
	33	5643
	9820	5644
	418	5645
	984	5646
	60	5647
	19	5648
	58	565
	60	5650
	64	5651
	19	5652
	64	5653
	19	5654
	34	5655
	34	5656
	26	5657
	54	5658
	33	5659
	89	566
	3357	5661
	1098	5662
	2090	5663
	2732	5664
	912	5665
	41	5666
	79	5667
	55	5668
	52	5669
	62	567
	73	5670
	121	5671
	159	5672
	70	5673
	797	5674
	6559	5675
	5624	5677
	54	5678
	74	5679
	1	568
	5030	5680
	49	5681
	63	5682
	834	5683
	26	5684
	113	5685
	1997	5686
	338	5687
	2447	5688
	66	5689
	1	569
	50	5690
	707	5691
	31	5692
	560	5694
	2862	5696
	68	5699
	17	57
	2	570
	68	5701
	65	5702
	92	5704
	1645	5706
	2591	5707
	28	5708
	4102	5710
	147	5712
	39	5717
	95	5718
	34	5719
	3477	5720
	32	5721
	59	5722
	87	5725
	57	5726
	193	5727
	81	5728
	6831	5730
	11142	5732
	30	5735
	33	5736
	268	5737
	5085	5741
	3963	5742
	50	5743
	57	5744
	20	5745
	36	5746
	57	5747
	62	5748
	71	5749
	1	575
	9308	5750
	32	5751
	59	5752
	60	5753
	2955	5755
	98	5756
	23	5757
	21	5759
	82	576
	4075	5760
	96	5761
	111	5762
	25	5764
	42	5765
	43	5766
	23	5767
	30	5768
	37	5769
	172	577
	88	5772
	34	5773
	87	5774
	38	5778
	111	578
	38	5780
	58	5783
	99	5784
	1000	5786
	1482	5787
	174	579
	2656	5790
	2153	5794
	224	5795
	4141	5796
	4726	5799
	1	58
	1855	5800
	51	5804
	53	5805
	676	5806
	31	5809
	76	5810
	51	5811
	29	5812
	56	5813
	14279	5814
	6217	5816
	2570	5818
	102	5819
	2	582
	44	5820
	29	5821
	79	5825
	33	5826
	988	5827
	14	583
	2032	5833
	2990	5834
	89	5835
	87	5837
	44	5838
	110	584
	83	5840
	155	5841
	1438	5842
	9963	5843
	6212	5844
	696	5848
	91	585
	14580	5850
	3076	5851
	7394	5858
	7814	5859
	7979	5860
	8014	5861
	7933	5862
	25	5868
	25	5869
	112	587
	48	5872
	57	5873
	57	5874
	23	5876
	876	5877
	683	5878
	36	5879
	73	5880
	3771	5883
	75	5885
	45	5886
	6884	5889
	35	5890
	80	5891
	4035	5894
	24	5897
	35	5898
	55	5899
	50	59
	58	590
	49	5900
	60	5901
	80	5902
	46	5904
	64	5905
	42	5908
	2031	5909
	26	591
	40	5910
	74	5911
	193	5912
	54	5913
	60	5916
	93	5917
	25	5918
	2677	5919
	133	592
	114	5921
	155	5922
	53	5924
	48	5927
	162	5928
	16587	5929
	698	593
	27	5931
	18	5933
	19	5934
	68	5935
	496	5937
	34	5938
	31	5939
	144	594
	26	5940
	103	5941
	98	5942
	2480	5943
	41	5944
	19	5945
	39	5946
	10359	5947
	29	5948
	109	5949
	75	5950
	133	5951
	103	5953
	58	5954
	2282	5955
	22	5957
	49	5958
	48	5959
	4529	596
	25	5960
	91	5961
	3188	5962
	38	5963
	23	5964
	22	5965
	32	5966
	110	5967
	23	5968
	105	5969
	154	597
	33	5970
	35	5971
	80	5972
	229	5974
	2226	5975
	83	5977
	32	5979
	144	598
	80	5982
	675	5983
	19	5986
	82	5987
	17764	5988
	45	5989
	1815	599
	413	5990
	2317	5991
	6544	5993
	1803	5994
	19	5995
	117	5996
	48	5997
	80	5998
	936	5999
	661	6
	6726	600
	23	6004
	31	6005
	45	6006
	27	6007
	31	6008
	154	6009
	122	6010
	13584	6011
	1281	6013
	7175	6014
	1065	6015
	1383	6016
	1324	6018
	35	6019
	113	602
	1882	6020
	4943	6026
	173	603
	1517	6036
	102	604
	33130	6044
	77	6048
	5446	6049
	90	605
	71	6050
	1049	6051
	2850	6052
	1111	6055
	61	6058
	752	6059
	14538	606
	81	6060
	31	6061
	185	6062
	46	6064
	62	6065
	55	6066
	2401	6067
	424	607
	663	6070
	3586	6075
	1234	6078
	1	608
	278	6080
	3792	6081
	239	6083
	11735	6085
	3481	6087
	21	6088
	17	6089
	2	609
	6034	6090
	1018	6091
	27	6092
	40	6093
	49	6099
	1	610
	1375	6100
	27	6102
	12039	6103
	29	6104
	7	6105
	1513	6106
	40	6107
	36	6109
	16	6110
	6696	6113
	3347	6114
	1386	612
	2302	6121
	5417	6128
	14	6129
	35	6130
	23	6136
	34	6137
	4182	6139
	1422	6142
	10529	6145
	11691	6146
	382	6149
	37	615
	1852	6153
	267	6157
	94	616
	24614	6163
	1469	6164
	78	6169
	673	617
	68	6172
	286	6173
	12554	6175
	285	6176
	102	618
	92	6182
	533	6185
	73	619
	49	6190
	53	6193
	1916	6194
	5877	62
	417	6203
	14710	6206
	4419	6211
	28	6220
	7	623
	4627	6230
	4384	6231
	4886	6232
	36	6235
	23	6236
	2759	6243
	27	6245
	12	625
	42	6250
	21754	6268
	12	627
	21	6270
	16	6271
	18	6277
	21	6279
	14	628
	16081	6281
	7935	6282
	20913	6283
	24	6284
	23	6285
	15	6287
	85	629
	50	6291
	315	63
	87	630
	52	6309
	66	6310
	240	6311
	5344	6313
	25	6316
	56	6317
	45	6319
	13	632
	37	6320
	44	6321
	531	6322
	26	6323
	54	6327
	15	633
	359	6330
	554	6333
	2039	6337
	4	6338
	5	634
	6159	6340
	5600	6341
	5895	6342
	5808	6343
	419	6344
	32	6347
	80	6348
	18	6350
	8857	6351
	6755	6352
	102	6353
	66	6354
	229	6358
	43	636
	51	6361
	418	6364
	456	6369
	85	637
	89	6372
	96	6375
	453	6377
	110	638
	41	6382
	45	6386
	311	6387
	35	639
	130	6391
	422	6392
	7971	6394
	13687	6395
	747	6396
	3607	6397
	9298	6398
	115	64
	362	640
	8698	6401
	19	6403
	95	6406
	276	6407
	31	6410
	31	6411
	531	6412
	5370	6419
	56	642
	27	6421
	43	6422
	54	6423
	248	6424
	27	6427
	31	6428
	76	6429
	230	6430
	386	6432
	289	6435
	33	6437
	9630	6438
	5	644
	29	6440
	52	6441
	29	6442
	3446	6446
	27	6447
	9	6451
	5149	6452
	18	6457
	27	6459
	75	646
	28	6461
	12492	6462
	900	6463
	5388	6464
	19	6467
	66	647
	17	6473
	15	6474
	9872	6475
	294	6476
	42	6478
	71	6479
	13	6485
	15	6487
	3	6488
	8	6489
	19	649
	41	6490
	16882	6492
	13513	6493
	44	6494
	19	650
	9482	6503
	3689	6504
	3292	6515
	127	653
	21	6531
	7703	6533
	321	654
	12225	6553
	35	6561
	3543	6568
	28	6574
	33	6575
	33	6577
	31	6578
	2036	6579
	64	6580
	7849	6587
	218	659
	15	6590
	20	6591
	136	6592
	35	6597
	458	66
	29	660
	4816	6600
	11258	6603
	7721	6604
	19485	6605
	19625	6606
	18927	6607
	7287	6608
	13	6609
	35	661
	4184	6611
	21	6612
	41	6619
	1	662
	15	6622
	6286	6628
	90	663
	42	6630
	17	6631
	29	664
	94	665
	23504	6651
	5646	6652
	167	666
	28	6662
	9	6663
	26	6666
	19	6670
	34	6674
	27	6677
	6972	6681
	40	6683
	20	6684
	47	6688
	4097	6689
	73	669
	7685	6690
	8	6692
	34	6695
	40	6697
	36	6698
	18	670
	28	6703
	2402	6707
	14	671
	5603	6713
	114	6714
	60	6715
	1853	6716
	41	6717
	4781	6718
	116	672
	28	6720
	24	6721
	66	6722
	63	6723
	6129	6729
	102	673
	10705	6734
	14	6735
	42	6737
	25	6738
	7342	6739
	14	674
	4	6740
	62	6741
	29	6743
	22	6744
	31	6745
	41	6750
	10076	6751
	1521	6753
	151	6754
	29	6755
	4568	6756
	17	6757
	32	6758
	24	6759
	12	676
	1769	6760
	20	6761
	23	6762
	20	6763
	21	6764
	20	6765
	482	6766
	13396	6771
	11	6773
	5	6777
	18	678
	25	6785
	9	6788
	120	6789
	12	679
	97	6791
	6439	6792
	42	68
	29	680
	15065	6803
	6484	6805
	36	6808
	102	6809
	15	681
	56	6811
	2368	6813
	14731	6814
	19	6815
	28	6816
	13835	6817
	25	6819
	20	6820
	18	6821
	23	6822
	30	6823
	48	6824
	13	683
	7276	6831
	8	6836
	5597	6837
	13024	6839
	644	684
	4588	6840
	15938	6841
	11259	6844
	50	6852
	6127	6853
	6545	6854
	6096	6855
	6260	6856
	5688	6857
	6108	6858
	5991	6859
	10	686
	5719	6860
	6226	6861
	11284	6863
	5603	6864
	46	6865
	167	6866
	4519	6867
	7212	6877
	5401	6878
	6215	6879
	152	688
	6	6886
	1	689
	4912	6890
	22	6891
	10697	6892
	32	6893
	5359	6894
	34	6895
	13374	6897
	24	6898
	116	69
	2856	6908
	48	6911
	30	6912
	5753	6915
	63	6918
	4942	6919
	37	692
	12664	6920
	6826	6921
	9	6922
	6132	6924
	14	6925
	3	6926
	12694	6927
	11884	6928
	43	693
	8123	6936
	32	694
	10257	6943
	4798	6948
	24	695
	12	6955
	18882	6956
	63	6957
	4117	6958
	9921	6959
	740	696
	30	6960
	50	6961
	13	6963
	13342	6964
	12934	6965
	13494	6966
	13125	6967
	13096	6968
	50	6969
	7432	6970
	13775	6971
	9778	6972
	8	6973
	26	6975
	3089	6979
	123	698
	1	6981
	88	6982
	74	6983
	117	6984
	84	6985
	108	6986
	5057	6987
	27	6988
	98	6989
	7546	6990
	4	6992
	962	7
	9440	7000
	8490	7001
	44	7002
	3558	7009
	72	701
	9551	7011
	28	7012
	5857	7014
	7502	7015
	7905	7017
	17041	7019
	108	702
	126	7020
	182	7021
	6670	7022
	38	7026
	7036	7027
	13	7028
	690	703
	23	7031
	15	7034
	1963	7035
	18	7036
	4216	7037
	8577	7038
	23	704
	221	7044
	18311	7045
	14871	7046
	16	705
	2670	7052
	27	7053
	5751	7054
	17	7056
	6	7057
	16	7059
	6	706
	11	7061
	8	7062
	11600	7064
	27	7065
	13266	7066
	13	7067
	36	7068
	84	7069
	95	707
	11	7070
	17	7071
	17	7074
	16365	7076
	18020	7077
	125	7078
	19	7079
	165	708
	7	7080
	60	7081
	123	7082
	93	7083
	244	7084
	60	7085
	128	7086
	68	7087
	45	7088
	62	7089
	20	7090
	1	7091
	117	7092
	125	7093
	42288	7094
	64	7095
	2674	7098
	1342	71
	111	710
	18	7100
	160	7102
	3179	7103
	16358	7104
	20	7106
	27	7107
	4692	7108
	71	711
	4980	7110
	10578	7115
	55	7117
	130	7119
	86	712
	10366	7120
	14946	7121
	12342	7122
	11	7127
	214	713
	4624	7130
	2244	7132
	97	7135
	7165	7136
	9736	7138
	1	7142
	76	7143
	136	7144
	5939	7147
	10	7148
	19982	7150
	12337	7151
	16051	7152
	17079	7153
	11	7156
	16	7157
	11	7158
	18	7159
	5815	7160
	134	7168
	89	7170
	94	7172
	3364	7173
	24	7178
	57	7179
	15665	7180
	98	719
	4428	7194
	67	7199
	81	720
	99	7200
	5630	7201
	8828	7202
	8244	7203
	5612	7209
	64	721
	10670	7215
	94525	7216
	109487	7217
	4462	7219
	2334	722
	16	7220
	5684	7221
	9979	7225
	7	723
	7042	7231
	14055	7233
	6756	7238
	73	724
	12330	7242
	25	7243
	13190	7245
	13423	7246
	224	725
	21	7263
	9047	7264
	61	7266
	65	7267
	74	7269
	4854	7270
	7198	7273
	65	7277
	21357	7278
	19375	7279
	15	7280
	21	7282
	3010	7283
	6984	7285
	71	7286
	16871	7289
	4831	7290
	6789	7291
	6712	7294
	5209	7295
	5386	7297
	4028	7299
	6444	7300
	6307	7301
	6276	7303
	39164	7305
	5497	7306
	2	731
	7470	7310
	61	7311
	8113	7313
	3637	7315
	10	7316
	6058	7318
	8624	7319
	8610	7320
	9040	7321
	16	7322
	1	7324
	11	7325
	4851	7326
	7512	7330
	6267	7332
	56	7334
	69	7335
	19567	7336
	6559	7337
	38	734
	4465	7340
	9754	7341
	9432	7342
	6038	7343
	7345	7346
	9659	7348
	9514	7349
	115	735
	4851	7351
	6911	7357
	73	736
	5408	7362
	8606	7364
	12	7366
	6489	7368
	7	7369
	239	737
	5	7371
	185	7372
	10241	7373
	1	7374
	8273	7383
	9	7384
	111	739
	2	7399
	2	740
	4844	7400
	6278	7405
	9	7407
	3703	7409
	34	741
	3854	7413
	8607	7418
	5	742
	6563	7424
	5845	7434
	12	744
	187444	7444
	10888	7445
	14	745
	4408	7453
	12089	7455
	121	746
	4549	7463
	8	7464
	225716	7469
	3	7485
	3	7497
	38	75
	14	7511
	15	7512
	12	7514
	90	752
	189	753
	326	7537
	162	755
	21	7552
	16	7553
	6066	7568
	101	757
	7670	7575
	140	758
	68855	7580
	7	7581
	75	759
	84	76
	1	7605
	90	761
	70	7641
	68	7642
	88	7643
	91	7644
	113	7645
	121	7646
	238	7647
	82	7648
	147	7649
	145	765
	87	7650
	111	7651
	89	7652
	80	7653
	73	7655
	82	7656
	96	7657
	60	7658
	99	7659
	114	766
	85	7660
	11	7661
	79	7662
	83	7664
	55	7665
	134	7666
	80	7668
	87	7669
	7	767
	162	7670
	94	7672
	85	7673
	119	7674
	71	7675
	98	7676
	79	7677
	52	7678
	81	7679
	13	768
	29	7680
	65	7681
	33	7682
	30	7683
	86	7684
	98	7685
	2	7686
	99	7687
	92	7688
	33	7689
	112	769
	72	7690
	22	7691
	114	7692
	80	7693
	81	7694
	706	7695
	65	7696
	70	7697
	55	7698
	96	7699
	140	77
	2	770
	75	7700
	84	7701
	68	7702
	55	7703
	46	7704
	81	7705
	220	7706
	67	7707
	41	7708
	69	7709
	2	771
	91	7711
	110	7714
	68	7715
	155	7716
	197	7718
	179	7719
	14	772
	12	7721
	174	7722
	144	7723
	115	7725
	14	7726
	170	7727
	53	7728
	98	7729
	24	773
	111	7730
	36	7731
	78	7732
	88	7733
	139	7734
	3	7735
	69	7736
	17	7737
	108	7738
	126	7739
	15	774
	97	7740
	142	7741
	112	7743
	47	7744
	109	7745
	111	7746
	61	7747
	85	7748
	195	7751
	48	7752
	414	7753
	120	7754
	76	7755
	42	7756
	159	7757
	161	7758
	95	7759
	199	7760
	106	7761
	136	7762
	116	7763
	56	7764
	144	7765
	106	7766
	182	7767
	156	7768
	72	7769
	135	7770
	119	7771
	107	7772
	32	7773
	106	7774
	36	7775
	252	7776
	130	7777
	28	7778
	110	7779
	555	778
	54	7780
	98	7781
	109	7782
	102	7783
	189	7784
	146	7785
	102	7786
	147	7787
	72	7788
	31	7789
	55	7790
	65	7791
	124	7792
	138	7794
	83	7796
	3	7799
	92	78
	91	780
	121	7800
	124	7801
	19	7802
	89	7803
	31	7804
	23	7805
	69	7806
	102	7807
	93	7808
	76	7809
	57	7810
	164	7811
	175	7812
	18	7813
	145	7814
	11	7815
	95	7816
	19	7817
	135	7818
	48	7819
	51	782
	81	7820
	148	7821
	111	7822
	140	7823
	99	7824
	6184	7825
	72	7828
	108	7829
	155	783
	119	7830
	181	7831
	87	7832
	8	7833
	7	7835
	88	784
	317	786
	9	7867
	153	787
	5	7875
	7190	7876
	15221	7879
	37	788
	62	789
	3532	7895
	11015	7896
	4	7899
	121	79
	83	790
	7212	7905
	4156	7906
	133	791
	5548	7912
	21250	7915
	7	7917
	157	792
	5899	7928
	48	793
	5233	7934
	5569	7936
	20	794
	6591	7945
	68	795
	4548	7950
	2765	7951
	17997	7954
	5	7956
	103	796
	5179	7963
	5	7964
	4	7965
	710	797
	13540	7971
	2430	798
	5559	7983
	33984	7984
	16	7987
	51	799
	15	7999
	243	8
	3575	800
	16643	8006
	31	801
	113	802
	10887	8036
	117	804
	10	8041
	6300	8045
	13	8046
	162	805
	5979	8051
	3465	8056
	118	806
	4702	8060
	7094	8069
	108	807
	4597	8074
	7828	8076
	134	808
	4037	8087
	6124	8092
	4447	8096
	7941	8102
	5540	8106
	38	811
	1250	8112
	4066	8113
	11548	8118
	105	812
	8	8123
	9376	8128
	132	813
	5525	8145
	3957	8150
	7	8151
	7	8152
	8496	8155
	1	8156
	5870	8159
	16	816
	440471	8170
	2	8183
	130	820
	808	821
	16	822
	2	823
	98	824
	85	825
	10	8254
	14	826
	2	8273
	9	8282
	4	8284
	32	829
	5	8292
	9285	8296
	7	8298
	5473	8299
	81	830
	4348	8301
	15845	8302
	4	8304
	85	831
	3	8312
	1040	8314
	5854	8315
	4654	8316
	8531	8319
	69	832
	3632	8320
	23052	8321
	9563	8324
	5631	8326
	15261	8327
	10920	8329
	76	833
	5893	8336
	4666	8338
	222	834
	5252	8341
	5151	8343
	5212	8346
	8092	8349
	61	835
	3	8350
	5950	8351
	6543	8353
	2706	8356
	5279	8357
	160	836
	7633	8361
	10	8362
	6095	8363
	6577	8364
	4762	8365
	3039	8368
	4647	8369
	115	837
	8728	8370
	7178	8374
	3	8379
	106	838
	1	8381
	8	8383
	6	8384
	643	839
	3	8391
	2	8392
	3	8393
	6	8394
	6	8397
	23	8398
	52	8399
	84	84
	46	840
	57	8400
	70	8401
	39	8402
	20	8403
	54	8404
	8	8405
	18	8406
	75	8407
	5	8408
	1	8409
	100	841
	1	8414
	1	8415
	1	8425
	22	8427
	8	8429
	10	8430
	44	8433
	1	8436
	9	8437
	7	8438
	61	8459
	4541	846
	2	8464
	57	848
	5	8488
	11	8489
	71	849
	2	8493
	330	850
	4	8500
	3	8506
	3	8513
	5	8515
	6	8516
	6	8517
	5	8519
	5	8527
	8	8529
	2	8530
	6	8531
	16	8532
	14	8533
	5	8534
	9	8536
	5	8537
	3	8539
	3	8540
	4	8541
	4	8542
	1	8543
	6	8551
	2	8554
	4	8562
	4	8568
	4	8569
	2	8570
	3	8571
	1	8584
	1	8586
	15	8587
	3	8588
	3	8589
	4	8595
	2	8599
	31	86
	1	8607
	113	861
	2	8610
	147	862
	3	8620
	1	8621
	88	863
	5	8631
	1	8635
	97	864
	2	8642
	1	8644
	5	8646
	1	8647
	7	8648
	704	865
	70	866
	1	8665
	263	867
	134	868
	1	8686
	1	8687
	104	869
	1	8694
	1	8695
	1	8696
	1	8697
	1	8698
	1	8699
	2190	870
	1	8700
	63	871
	1	8710
	1	8711
	1	8712
	1	8714
	1	8715
	1	8716
	1	8719
	385	872
	2	8720
	1	8721
	1	8724
	1	8725
	1	8726
	1	8727
	1	8728
	68	873
	1	8735
	1	8736
	1	8738
	1	8739
	1	8740
	1	8742
	1	8743
	1	8745
	1	8746
	1	8747
	1	8748
	1	8749
	47196	875
	1	8750
	1	8751
	1	8752
	1	8755
	1	8758
	1	8759
	95	876
	1	8760
	1	8761
	1	8762
	1	8763
	1	8764
	1	8765
	1	8766
	1	8767
	1	8768
	1	8769
	1	8770
	1	8771
	1	8772
	1	8773
	1	8774
	1	8775
	1	8776
	1	8777
	1	8778
	1	8779
	1	8780
	70	88
	38	880
	20	881
	22	882
	147	883
	73	884
	183	885
	137	887
	70	89
	3	893
	60	897
	131	898
	1777	9
	117	90
	70	900
	6	901
	8	902
	22	903
	8884	904
	76	909
	87	910
	14	911
	13	912
	55	913
	43	918
	97	919
	89	920
	92	921
	31	922
	74	923
	56	924
	98	925
	67	926
	36	928
	1478	93
	750	930
	4	931
	1475	932
	227	933
	888	934
	393	938
	5696	94
	251	942
	51	943
	36	949
	262	950
	1439	952
	90	953
	131	954
	49	955
	38	956
	78	957
	141	96
	65	962
	87	963
	109	964
	40	968
	10	969
	1	970
	1	971
	55	974
	99	975
	63	976
	7272	977
	71	979
	71	98
	68	981
	91	982
	147	983
	31	984
	177	985
	1065	991
	85	992
	82	993
	1	995
	1	996
	1	997
	1	998
