	27	100
	45	1000
	42	1001
	83	1002
	211	1004
	18	1005
	16	1006
	62	1007
	15	101
	16	1010
	94	1011
	434	1013
	7	1014
	38	1015
	45	1016
	65	1017
	19	102
	61	1028
	91	1029
	11	103
	439	1030
	48	1031
	18	1033
	64	1034
	130	1035
	367	1037
	54	1038
	5619	1039
	147	1046
	43	1047
	88	1048
	51	1049
	122	105
	103	1050
	230	1051
	52	1058
	19	1059
	91	106
	20	1060
	28	1064
	9	1065
	18	1066
	926	1068
	32	1069
	78	107
	118	1070
	50	1071
	33	1072
	63	1075
	135	1077
	69	1078
	56	1079
	45	108
	77	1080
	53	1081
	36	1082
	87	1083
	59	1089
	19	1091
	32	1092
	18	1093
	29	1094
	71	1097
	196	11
	123	1100
	71	1101
	71	1102
	103	1103
	131	1117
	107	1118
	97	1119
	322	1120
	95	1122
	44	1123
	75	1130
	48	1131
	148	1132
	23	1133
	229	1134
	7	1135
	365	1136
	35	1140
	11	1149
	52	1150
	6	1152
	1248	1155
	383	1156
	77	1158
	90	1159
	17209	1160
	114	1161
	17	1162
	45	1163
	58	1164
	49	1165
	85	1168
	1508	117
	211	1170
	18	1171
	35	1172
	203	1179
	65	1180
	161	1182
	94	1183
	178	1190
	310	1191
	27	1192
	36	1193
	30	1194
	193	1195
	66	1197
	44	1198
	43	1199
	1	12
	42	1200
	51	1201
	38	1205
	78	1209
	60	121
	41	1211
	95	1212
	205	1213
	222	1215
	25	1216
	282	1218
	636	122
	17	1223
	34	1224
	10	1225
	5	1226
	10	1227
	73	1228
	469	1233
	274	1234
	35	1235
	21	1238
	65	1240
	116	1241
	17	1244
	31	1247
	11	1248
	20	1249
	28	1250
	28	1251
	56	1253
	62	1254
	39	1255
	59	1256
	75	1258
	405	1259
	49	1261
	45	1263
	58	1264
	71	1265
	165	1266
	501	1267
	69	1268
	266	1269
	68	1270
	108	1271
	51	1277
	530	1278
	382	1279
	13	1285
	7	1286
	8	1287
	20	1288
	22	1289
	26	1290
	17	1292
	68	1293
	42	1295
	60	1296
	1112	1297
	8	13
	324	1300
	97	1302
	53	1307
	333	1310
	47	1311
	94	1312
	32	1313
	75	1314
	17	1315
	4	1316
	358	1317
	12	1318
	20	1319
	26	1320
	229	1334
	223	1335
	339	1338
	125	1340
	53	1341
	54	1342
	287	1344
	6	1345
	43	1346
	21	1347
	73	1348
	23	1349
	53	1350
	115	1354
	73	1360
	77	1361
	230	1370
	47	1371
	208	1372
	3922	1373
	41	1374
	12	1375
	8	1376
	26	1377
	18	1378
	40	1379
	82	1382
	95	1385
	593	1386
	48	1387
	22	1388
	135	139
	16	1392
	27	1393
	7	1394
	125	1395
	61	1397
	67	1399
	1	14
	127	1400
	134	1401
	362	1403
	42	1406
	147	1409
	207	141
	25	1410
	124	1411
	7	1412
	494	1414
	173	1415
	61	1416
	28	1417
	18	1418
	2	142
	58	1422
	84	1423
	36	1424
	28	1425
	25	1426
	1	143
	75	1430
	4590	1432
	130	1433
	19	1435
	66	144
	81	1440
	110	1443
	61	1444
	94	1448
	95	1449
	6227	145
	73	1450
	115	1451
	35	1452
	30	1453
	80	1454
	66	1455
	153	1456
	46455	1457
	196	1458
	508	1459
	93	146
	77	1460
	1417	1461
	38	1462
	70	1463
	376	1464
	49	1469
	28	147
	49	1470
	3433	1471
	18	1473
	24	1474
	29	1475
	22	1476
	147	1477
	63	1478
	43	1479
	71	148
	124	1480
	118	1486
	64	1487
	40	1488
	290	1489
	1	149
	357	1494
	7	1496
	18	1497
	63	1498
	51	1499
	1	15
	20	150
	12	1504
	11	1505
	67	1506
	30	1507
	14	1508
	91	1509
	13	1510
	613	1511
	23	1512
	567	1513
	60	1517
	52	1518
	172	1519
	191	1522
	37	1523
	22	1524
	15	1525
	21	1526
	19	1527
	14	1528
	1	153
	31	1530
	92	1535
	139	1536
	14	1539
	1	154
	41	1541
	68	1546
	2180	1547
	24	1549
	1	155
	258	1553
	20	1554
	21	1555
	50	1556
	45	1557
	52	1558
	67	1559
	1	156
	64	1560
	80	1561
	56	1562
	71	1563
	14	1568
	8	1569
	1	157
	22	1570
	8	1572
	69	1573
	63	1576
	82	1577
	426	1579
	1	158
	86	1580
	39	1581
	73	1583
	42	1584
	147	1585
	36	1586
	66	1587
	53	1588
	58	1589
	160	1596
	101	1599
	1	16
	1	160
	50	1600
	95	1601
	1141	1602
	372	1605
	45	1606
	162	1607
	201	1612
	408	1613
	5	1614
	30	1615
	34	1616
	17	1617
	76	1619
	63	1620
	102	1621
	10312	1622
	59	1624
	68	1625
	212	1627
	172	1629
	1	163
	204	1632
	18	1633
	5	1634
	41	1635
	20	1636
	59	1637
	83	1638
	66	1639
	1	164
	251	1640
	43	1641
	142	1643
	57	1644
	404	1645
	38	1646
	66	1649
	1	165
	164	1650
	36	1651
	71	1652
	8	1653
	44	1657
	73	1658
	1	166
	25	1661
	9	1662
	14	1663
	5	1664
	10	1665
	15	1666
	23	1667
	328	1668
	26	1669
	22	1670
	13	1671
	20	1672
	15	1673
	54	1676
	50	1677
	146	1678
	70	1679
	13	1680
	5	1681
	71	1682
	11	1683
	8	1684
	77	1687
	36	1688
	141	1692
	322	1693
	77	1694
	80	1695
	41	1696
	25	1697
	60	1698
	20	1699
	1	17
	137	170
	27	1700
	11	1701
	12	1702
	80	1708
	59	1709
	118	171
	185	1710
	74	1713
	72	1714
	313	1717
	19	1718
	89	1719
	99	172
	367	1720
	55	1721
	354	1722
	101	1723
	3061	1724
	40	1726
	19	1729
	17	1730
	10	1731
	38	1732
	90	1734
	82	1735
	330	1740
	97	1741
	34	1747
	91	1748
	190	1749
	946	1750
	23	1751
	44	1752
	18	1753
	7	1754
	9	1755
	11	1756
	28	1757
	202	1758
	44	1760
	69	1761
	85	1762
	430	1764
	70	1765
	40	1766
	73	1767
	57	1768
	43	1769
	164	1772
	4	1773
	12	1774
	14	1775
	9	1776
	14	1777
	317	1778
	38	1780
	24	1781
	319	1782
	171	1783
	15	1788
	11	1789
	23	1790
	67	1791
	11	1793
	63	1798
	1	18
	278	1800
	229	1801
	150	1802
	965	1803
	60	1805
	41	1806
	56	1807
	2496	1810
	54	1814
	475	1815
	26	1816
	57	1824
	53	1827
	42	1834
	135	1835
	142	1837
	47	184
	9324	1841
	131	1844
	805	1847
	116	185
	19	1851
	10	1852
	36	1855
	28	1856
	36	1857
	54	1858
	327	1868
	5	1872
	11	1873
	80	1874
	91	1875
	391	1876
	103	1877
	176	1878
	50	1879
	66	188
	34	1880
	54	1882
	11	1883
	22	1884
	32	1885
	25	1886
	58	1888
	62	1889
	63	1891
	44	1892
	6	1893
	161	1894
	241	1895
	320	1896
	7	19
	61	1902
	70	1903
	29	1904
	38	1905
	27	1906
	95	1907
	21	1909
	8	1910
	55	1913
	67	1914
	45	1916
	1417	1917
	461	1918
	71	1929
	32	1930
	103	1933
	202	1936
	257	1938
	68	1939
	12	1940
	10	1941
	27	1942
	32	1943
	17	1944
	78	1945
	101	1947
	48	1948
	163	195
	49	1954
	177	1955
	119	1956
	19	1959
	28	1960
	14	1961
	24	1962
	24	1963
	105	1964
	809	1965
	315	1968
	30	1969
	26	1970
	40	1971
	23	1972
	16	1974
	22	1975
	239	1977
	84	1982
	3723	1988
	341	1989
	49	1991
	67	1993
	51	1994
	6	1996
	13	1997
	26	1998
	30	1999
	11	2
	1	20
	1	200
	284	2000
	341	2003
	21	2008
	48	2010
	13	2018
	10	2019
	706	2020
	98	2028
	113	2029
	78	2030
	37	2032
	41	2033
	49	2034
	86	2035
	403	2039
	415	2043
	41	2044
	16	2049
	18	2050
	41	2051
	57	2052
	72	2054
	160	2055
	60	206
	75	2064
	63	2066
	67	2067
	31	2068
	46	2069
	41	207
	959	2073
	72	2077
	46	208
	48	2081
	41	2084
	11	2085
	13	2086
	17	2087
	17	209
	268	2092
	55	2093
	1	21
	217	2103
	63	2104
	122	2105
	51	2107
	74	2109
	16	211
	101	2110
	122	2111
	685	2112
	56	2113
	51	2114
	48	2115
	1117	2116
	79	2117
	72	2118
	152	2125
	47	2126
	113	2127
	80	2128
	9	2129
	9	213
	18	2130
	9	2131
	6	2133
	30	2134
	73	2136
	69	2137
	1	214
	187	2142
	116	2144
	252	2148
	50	2149
	1	215
	61	2150
	66	2151
	47	2152
	253	2153
	68	2154
	44	2155
	13600	2156
	6105	2159
	1	216
	26194	2164
	52	2166
	115	2169
	1	217
	98	2170
	6	2172
	14	2173
	16	2174
	164	2175
	11	2176
	119	2177
	291	2178
	24	2179
	426	218
	394	2180
	201	2182
	478	2188
	159	2189
	108	2190
	59	2191
	733	2192
	10	2193
	16	2194
	1008	2195
	53	2199
	62	2200
	106	2204
	38	2205
	1781	2206
	10	2210
	69	2211
	40	2212
	56	2214
	64	2215
	47	2217
	13	2218
	61	2221
	44	2222
	75	2223
	64	2224
	132	2225
	31	2227
	48	2228
	65	2230
	34	2231
	170	2232
	1403	2236
	363	2242
	11	2243
	11	2244
	44	2245
	127	2247
	65	2248
	67	2249
	81	225
	30	2251
	173	2252
	78	2253
	17	2254
	6	2255
	4	2256
	57	2257
	57	2258
	2	226
	19	2260
	15	2261
	5	2262
	20	2263
	133	2264
	10	2265
	4	2266
	22	2267
	15	2268
	83	2274
	118	2275
	45	2276
	58	2277
	172	2278
	184	2279
	24	2280
	31	2283
	12	2284
	15	2285
	22	2286
	449	2288
	38	2290
	20	2291
	62	2292
	106	2295
	89	2296
	13	2297
	19	2298
	111	2299
	7	23
	49	2304
	35	2306
	55	2307
	19	2309
	92	2310
	227	2312
	166	2314
	59	2315
	77	2316
	162	2322
	1155	2323
	252	233
	477	2333
	154	2340
	144	2341
	1375	2343
	14	2344
	16	2345
	11	2346
	92	2349
	217	2353
	324	2354
	67	2355
	38	2356
	33	2357
	374	2360
	56	2361
	131	2362
	179	2364
	148	2365
	42	2367
	62	2368
	54	2369
	340	2371
	10	2372
	39	2373
	85	2374
	63	2378
	51	2379
	169	2380
	37	2382
	39	2383
	266	2384
	264	2386
	77	2387
	49	2388
	49	2390
	13	2395
	109	2396
	196	2398
	1783	24
	615	2400
	11	2401
	295	2405
	335	2406
	77	2411
	91	2412
	92	2413
	54	2414
	75	2415
	411	2425
	1257	2426
	25	2427
	27	2428
	41	2429
	74	2430
	240	2432
	19	2434
	35	2435
	277	2438
	47	2439
	86	2440
	96	2441
	37	2448
	161	2449
	139	2450
	15	2451
	35	2452
	68	2453
	74	2455
	96	2456
	102	2459
	30	246
	76	2460
	413	2461
	33	2466
	864	2468
	49	2469
	93	2471
	1298	2472
	117	2473
	94	2474
	48	2479
	65	2480
	37	2481
	41	2482
	48	2483
	54	2485
	111	2486
	56	2490
	62	2491
	52	2492
	38	2493
	75	2494
	154	2495
	144	2496
	38	2497
	80	2498
	265	2505
	39	2506
	92	2509
	412	251
	20	2510
	98	2512
	154	2513
	27	2514
	84	2515
	50	2516
	21	2517
	29	2518
	41	2519
	44	2520
	9	2521
	18	2522
	140	2523
	37	2524
	20	2525
	61	2526
	85	2529
	79	2530
	164	2531
	43	2535
	54	2536
	338	2537
	287	2538
	127	2544
	52	2549
	43	2550
	277	2553
	386	2554
	28	2555
	293	2556
	147	2558
	44	256
	355	2564
	9198	2565
	82	2566
	72	2567
	54	2569
	37	257
	27	2570
	36	2571
	11	2572
	1084	2573
	49	2575
	367	2577
	94	2580
	183	2582
	7	2584
	9	2585
	14	2586
	107	2587
	40	2588
	56	2589
	111	2591
	245	2592
	455	2594
	255	2595
	45	2596
	1530	2597
	51	2598
	13	2599
	299	2602
	53	2605
	127	2606
	149	2607
	21	2608
	70	2609
	51	261
	48	2611
	49	2615
	60	2616
	65	2617
	61	2618
	41	2619
	48	2620
	133	2621
	16	2623
	9	2624
	8	2625
	11	2626
	66	2628
	85	2629
	63	2630
	316	2631
	1492	2632
	58	2633
	124	2636
	58	2637
	33	2638
	117	2639
	16	264
	245	2641
	46	2642
	74	2643
	10	2644
	22	2645
	115	2646
	151	2649
	359	265
	105	2651
	44	2653
	60	2658
	108	266
	205	2660
	16	2661
	115	2662
	986	2663
	83	2665
	176	2666
	92	2667
	81	2668
	87	2669
	89	267
	72	2670
	65	2671
	62	2672
	227	2678
	45	2679
	37	268
	48	2680
	63	2681
	17	2685
	15	2686
	38	2687
	61	2688
	80	2689
	29	269
	116	2691
	157	2692
	1764	2693
	81	2694
	54	2695
	26	2696
	37	2697
	17	2698
	12	2699
	20	270
	73	2702
	68	2703
	34	2704
	9	2705
	68	2706
	86	2711
	53	2716
	111	2717
	20	2719
	7	272
	84	2721
	56	2722
	529	2723
	68	2724
	1346	2727
	3	2728
	68	2729
	30	273
	119	2736
	43	2737
	47	2738
	73	2743
	73	2744
	37	2745
	74	2746
	7	2747
	83	2749
	11	275
	67	2752
	67	2755
	53	2757
	51	2761
	125	2762
	157	2763
	523	2764
	6883	2765
	83	2767
	40	2771
	60	2772
	42	2773
	20	2774
	175	2775
	46	2776
	1174	2777
	47	278
	35	2780
	141	2781
	180	2782
	51	2783
	44	2784
	180	2787
	72	2791
	83	2792
	13	2794
	53	2795
	127	2796
	105	2797
	60	2798
	126	280
	29	2800
	81	2801
	45	2804
	19	2805
	51	2806
	45	2807
	9	2808
	75	2809
	69	281
	18	2810
	110	2812
	199	2814
	144	2815
	66	2816
	51	2819
	267	2820
	63	2821
	30	2822
	758	2823
	59	2824
	22	2825
	2714	2826
	142	2827
	563	2832
	86	2834
	176	2835
	293	2836
	748	2837
	143	2838
	49	2839
	51	2840
	37	2841
	65	2843
	54	2844
	33	2848
	7	2849
	49	2851
	145	2852
	68	2853
	42	2855
	48	2859
	1	286
	20	2860
	10	2861
	30	2862
	33	2863
	54	2864
	84	2866
	64	2867
	173	2868
	94	2869
	713	287
	51	2870
	67	2871
	155	2872
	336	2874
	74	2877
	71	2878
	1	288
	41	2882
	51	2884
	97	2885
	157	2886
	133	2887
	73	2889
	48	2892
	83	2893
	23	2894
	37	2895
	50	2896
	77	2897
	114	2898
	545	2899
	1	290
	83	2900
	44	2901
	130	2902
	83	2903
	65	2905
	61	2906
	1	291
	11	2910
	692	2911
	88	2912
	100	2913
	45	2915
	104	2916
	100	2917
	65	2918
	63	2919
	132	292
	67	2920
	73	2928
	29	2929
	232	293
	47	2930
	42	2931
	30	2932
	90	2933
	39	2934
	74	2936
	8	2937
	53	2938
	198	2945
	102	2946
	746	2947
	116	2948
	57	2951
	62	2956
	191	2957
	225	2958
	208	2959
	46	2961
	51	2962
	55	2963
	49	2964
	23	2965
	70	2966
	41	2967
	27	297
	186	2970
	135	2971
	20	2972
	49	2973
	49	2974
	2673	2975
	834	2976
	365	2977
	43	2979
	33	2980
	113	2982
	48	2983
	44	2984
	8501	2989
	381	2990
	77	2991
	44	2993
	46	2994
	87	2997
	93	2998
	409	3
	64	30
	386	3000
	195	3001
	28	3004
	30	3005
	82	3006
	92	3007
	76	3008
	24	3009
	88	3010
	35	3011
	146	3012
	864	3014
	239	3015
	57	3020
	76	3021
	43	3022
	37	3023
	49	3024
	65	3026
	84	3027
	66	3028
	237	3029
	147	3032
	166	3033
	17	3034
	169	3035
	100	3036
	78	3037
	129	3039
	98	3040
	14	3041
	5	3042
	234	3052
	233	3053
	79	3055
	256	3057
	65	3058
	164	3059
	1	306
	7	3061
	33	3062
	177	3065
	96	3067
	10530	3068
	12	3069
	1	307
	77	3071
	88	3073
	56	3074
	50	3075
	187	3076
	204	3077
	83	3079
	4	308
	51	3082
	296	3084
	66	3085
	37	3086
	445	3087
	103	3088
	53	3089
	1	309
	18	3091
	83	3092
	97	3093
	10	3094
	17	3095
	44	3098
	44	31
	1	310
	326	3102
	32	3103
	13	3104
	23	3105
	80	3106
	42	3107
	215	3108
	1	311
	8	3110
	66	3112
	94	3113
	123	3114
	1	312
	32	3120
	141	3121
	32	3122
	35	3125
	124	3127
	61	313
	27	3133
	173	3134
	84	3136
	64	3137
	4	3139
	53	314
	52	3140
	2199	3141
	248	3142
	403	3143
	24	3147
	665	3148
	92	3150
	282	3151
	71	3152
	9	3153
	34	3154
	61	3155
	79	3156
	52	3157
	92	3158
	53	3159
	302	3164
	138	3168
	88	3169
	364	3170
	56	3171
	104	3172
	63	3173
	46	3174
	57	3175
	212	3177
	71	3179
	58	3181
	116	3183
	42	3184
	137	3185
	49	3186
	18	3187
	48	3188
	46	3189
	54	319
	11	3191
	98	3194
	147	3195
	188	3197
	99	3199
	31	32
	100	320
	11	3200
	58	3205
	199	3206
	78	3207
	43	3209
	169	321
	113	3210
	22	3211
	13	3212
	15	3213
	199	3215
	207	3217
	175	3218
	653	322
	72	3221
	49	3223
	663	3225
	5580	3227
	64	3228
	346	3233
	118	3234
	78	3235
	9	3239
	20	3240
	468	3244
	120	3245
	110	3248
	80	325
	83	3252
	59	3254
	1705	3255
	102	3257
	111	3258
	732	3259
	75	3260
	153	3261
	311	3262
	8	3263
	60	3264
	42	3265
	72	3266
	41	3271
	199	3273
	139	3274
	57	3276
	35	3278
	31	3282
	74	3284
	147	3286
	155	3287
	48	3292
	85	3293
	98	3294
	44	3295
	1050	3296
	384	3297
	17	3298
	5057	330
	1695	3300
	59	3301
	57	3302
	51	331
	52	3313
	148	3314
	79	3316
	56	3318
	1925	3319
	32	332
	175	3320
	67	3321
	29	3322
	52	3323
	423	3324
	60	3325
	109	3326
	5	3329
	25	3331
	69	3332
	67	3333
	41	3334
	810	3336
	30	3337
	92	3339
	27	334
	363	3344
	74	3346
	19	335
	9933	3351
	24	3353
	93	3354
	673	3355
	49	3356
	56	3357
	63	3358
	54	3359
	13	336
	6	3362
	9	3364
	29	3365
	26	3366
	25	3368
	20	337
	48	3372
	426	3374
	59	3375
	43	3376
	151	3377
	1	338
	51	3382
	47	3383
	63	3387
	230	3388
	1	339
	48	3391
	187	3392
	43	3393
	40	3394
	52	3395
	13	3396
	72	34
	87	340
	56	3400
	877	3401
	75	3402
	49	3403
	65	3404
	108	3405
	85	3406
	354	3409
	1	341
	89	3410
	13	3412
	43	3413
	232	3415
	44	3418
	126	3419
	360	342
	51669	3421
	238	3422
	44	3424
	19	3425
	133	3428
	1	343
	42	3430
	46	3431
	76	3432
	194	3435
	476	3437
	199	3438
	17	3439
	186	344
	39	3440
	57	3441
	1093	3443
	116	3444
	52	3446
	1924	3447
	42	3448
	54	3449
	1	345
	68	3450
	839	3451
	2731	3452
	144	3453
	42	3456
	732	3457
	137	3458
	15	3459
	1	346
	269	3461
	82	3463
	124	3464
	36	3465
	46	3466
	31	3468
	11	3469
	1	347
	42	3470
	37	3471
	54	3473
	324	3474
	155	3475
	50	3476
	52	3479
	48	3480
	55	3482
	46	3483
	47	3484
	11	3487
	203	3488
	39	3489
	99	3491
	55	3493
	23	3494
	32	3495
	44	3496
	296	3497
	145	3498
	142	3499
	18695	35
	86	3501
	37	3502
	141	3503
	471	3504
	64	3507
	150	3508
	141	3509
	15	351
	113	3511
	199	3512
	5	3517
	163	3518
	75	3519
	11	3520
	74	3523
	69	3524
	100	3525
	9663	3526
	139	3527
	875	3528
	421	3530
	71	3533
	67	3534
	521	3539
	1	354
	52	3542
	98	3543
	32	3546
	14	3548
	67	3549
	97	3551
	1148	3552
	43	3553
	56	3555
	121	3556
	398	3557
	41	3558
	15	356
	727	3561
	345	3564
	68	3565
	13	3566
	11	3567
	15	3568
	56	3569
	367	357
	30	3570
	68	3573
	42	3574
	108	3576
	25	3577
	81	3580
	225	3581
	184	3582
	57	3583
	1905	3584
	13	3585
	151	3586
	377	3587
	121	3588
	601	3589
	47	359
	170	3590
	139	3591
	657	3596
	9	3597
	34	3599
	1203	3600
	132	3605
	68	3606
	367	3607
	342	3610
	155	3611
	121	3612
	49	3616
	61	3617
	207	3619
	20	362
	212	3620
	255	3621
	97	3622
	103	3623
	54	3628
	57	3629
	94	3630
	30	3631
	65	3632
	105	3634
	31	3635
	16	3637
	245	3638
	151	3639
	518	364
	55	3640
	549	3641
	60	3643
	1506	3644
	150	3645
	143	3646
	90	3648
	99	3649
	85	3650
	344	3651
	111	3652
	67	3653
	142	3654
	267	3657
	363	3659
	1	366
	86	3661
	57	3662
	78	3663
	58	3664
	17	3665
	16	3666
	7	3667
	259	3668
	201	3669
	1	367
	155	3670
	53	3671
	110	3672
	64	3673
	7	3679
	1	368
	23	3680
	79	3681
	79	3682
	288	3684
	37	3685
	80	3686
	284	3687
	92	3688
	122	3689
	1	369
	26	3692
	3	3693
	385	3694
	85	3695
	147	3697
	196	3698
	101	3699
	23	37
	1	370
	89	3700
	103	3701
	228	3702
	206	3703
	173	3704
	244	3705
	261	3707
	99	3708
	1	371
	412	3711
	113	3712
	110	3713
	72	3715
	270	3716
	32	3719
	1	372
	73	3721
	114	3722
	63	3723
	83	3724
	296	3726
	165	3727
	89	373
	184	3732
	236	3733
	45	3734
	383	3735
	101	3736
	49	3737
	57	3738
	786	3739
	2	374
	82	3740
	15	3741
	1550	3742
	3	3744
	106	3745
	195	3746
	248	3747
	50	3748
	44	3749
	1	375
	120	3752
	10	3758
	13	3759
	1	376
	9971	3760
	4616	3762
	50	3763
	125	3764
	39	3765
	424	3766
	67	3768
	70	3769
	1	377
	46	3771
	263	3772
	1708	3777
	34	3778
	25	3779
	1	378
	26	3780
	143	3781
	297	3782
	63	3784
	1435	3785
	466	3788
	36	3789
	1	379
	62	3791
	138	3792
	169	3794
	4	3798
	77	3799
	31	38
	1	380
	81	3800
	53	3803
	63	3804
	37	3805
	92	3807
	69	3808
	139	3809
	1	381
	71	3810
	932	3811
	57	3813
	54	3814
	65	3815
	50	3816
	9	3819
	1	382
	38	3821
	104	3822
	424	3823
	312	3824
	39	3826
	110	3828
	2187	3829
	249	3830
	62	3834
	21	3836
	6	3837
	388	3838
	61	3839
	1056	3842
	16203	3843
	94	3845
	3	3846
	65	3847
	525	3848
	79	3849
	89	3852
	70	3855
	48	3857
	9	3858
	65	3859
	204	386
	284	3860
	71	3862
	40	3863
	38	3864
	250	3865
	8	3866
	144	3867
	124	3869
	26	3870
	397	3871
	219	3872
	464	3873
	16	3875
	74	3876
	105	3877
	95	3878
	7	3879
	3	3880
	217	3881
	83	3884
	39	3887
	68	3888
	50	3889
	1991	3890
	244	3891
	95	3893
	167	3894
	437	3895
	82	3896
	7	3897
	64	3899
	67	39
	506	3900
	272	3901
	265	3902
	41	3903
	30	3904
	76	3905
	50	3906
	283	3907
	122	3908
	7	3909
	278	391
	464	3911
	77	3913
	141	3914
	231	3915
	320	392
	76	3924
	119	3925
	102	3929
	1331	3930
	766	3934
	25	3938
	40	3941
	37	3942
	56	3948
	501	3949
	575	3950
	10	3953
	36	3954
	30	3955
	449	3957
	8	3959
	29	3960
	42	3961
	20	3963
	192	3965
	68	3966
	64	3967
	80	3968
	227	3969
	467	3971
	116	3972
	2699	3974
	148	3975
	54	3976
	2331	3978
	78	3979
	79	3980
	43	3981
	59	3982
	758	3983
	20	3987
	7	3988
	1	399
	95	3990
	109	3991
	536	3992
	7	3993
	583	3996
	10	4
	19	40
	1	400
	116	4000
	98	4001
	66	4003
	58	4004
	8	4005
	147	4006
	206	4007
	1	401
	291	4012
	8040	4013
	55	4016
	85	4017
	16	4018
	264	4024
	60	4025
	2064	4026
	94	4027
	12	4028
	115	4029
	1	403
	19	4030
	6	4031
	336	4035
	22	4036
	53	4037
	70	4038
	103	4039
	1	404
	173	4040
	19	4041
	258	4042
	13	4046
	71	4047
	51	4048
	187	4049
	1	405
	126	4050
	77	4051
	1480	4053
	86	4054
	119	4057
	68	4058
	294	4059
	1	406
	1496	4060
	316	4063
	15	4064
	80	4065
	112	4066
	10	4069
	1	407
	62	4072
	94	4073
	147	4074
	127	4077
	52	4078
	442	4079
	1	408
	9	4080
	86	4081
	140	4082
	83	4084
	276	4085
	124	4086
	33	4087
	145	4088
	1	409
	93	4090
	40	4091
	92	4092
	50	4093
	630	4095
	20	4096
	60	4097
	367	4099
	1	410
	59	4100
	22	4101
	18	4103
	2259	4104
	155	4106
	89	4107
	51	4108
	107	4109
	1	411
	114	4110
	80	4111
	145	4114
	171	4115
	143	4116
	186	4117
	25	4118
	343	4119
	20	412
	21	4120
	85	4121
	148	4122
	47	4123
	87	4124
	165	4125
	267	4128
	183	4129
	26	413
	46	4130
	69	4131
	1680	4132
	218	4134
	354	4135
	66	4136
	108	4137
	444	4138
	515	4139
	11	4140
	100	4143
	231	4144
	56	4145
	82	4146
	182	4148
	10	4149
	19	415
	182	4150
	237	4152
	42	4153
	80	4154
	67	4155
	101	4156
	86	4157
	136	4158
	84	416
	44	4160
	68	4161
	67	4163
	119	4164
	2081	4165
	201	4166
	42	4167
	385	4168
	208	417
	1121	4170
	4	4171
	3919	4172
	167	4174
	299	4175
	141	4176
	1398	4177
	22858	4178
	53	4179
	6131	418
	58	4180
	522	4181
	114	4182
	172	4183
	527	4185
	67	4187
	307	4190
	240	4191
	40	4192
	53	4194
	102	4195
	79	4197
	311	4198
	34	4199
	73	4200
	138	4201
	215	4202
	368	4203
	10056	4204
	51	4205
	76	4207
	91	4208
	1483	4209
	9	4210
	4629	4211
	53	4213
	72	4214
	108	4215
	129	4217
	318	4218
	48	4219
	53	4222
	43	4223
	1485	4224
	1141	4225
	78	4226
	62	4228
	81	4229
	91	423
	133	4230
	65	4232
	80	4234
	16	4235
	68	4236
	2521	4237
	24	4238
	22	4239
	905	424
	60	4240
	111	4241
	6	4243
	201	4244
	43	4246
	7	4247
	87	425
	76	4250
	9	4251
	89	4253
	9	4254
	4552	4256
	30	4257
	50	4258
	57	4259
	59	4260
	214	4261
	87	4264
	114	4265
	75	4266
	105	4267
	308	4269
	263	427
	18	4270
	35	4272
	52	4274
	150	4276
	54	4278
	220	4279
	1	428
	79	4282
	99	4285
	4	4287
	118	4288
	8	4289
	1	429
	100	4290
	1382	4291
	234	4292
	438	4295
	26	4296
	1865	4297
	12	4302
	3	4305
	4	4306
	1	4307
	70	4308
	4	4309
	1	431
	905	4310
	93	4316
	78	4317
	2963	4318
	150	4319
	1	432
	105	4322
	3	4324
	69	4325
	390	4327
	50	4328
	1	433
	365	4333
	109	4334
	6932	4335
	8	4338
	1	434
	50	4344
	41	4345
	397	4348
	1	435
	51	4350
	424	4351
	43	4352
	46	4355
	32	4358
	11	4359
	107	4360
	8	4363
	153	4364
	220	4365
	422	4367
	174	4368
	41	4371
	108	4372
	224	4373
	26	4376
	137	4377
	64	4378
	77	4379
	1	438
	300	4380
	17	4382
	105	4384
	588	4385
	1041	4387
	28	4388
	13	4394
	568	4395
	817	4396
	134	4398
	117	4399
	1	440
	2671	4403
	35	4404
	36	4406
	20218	4407
	84	4409
	227	4410
	37	4411
	6079	4413
	461	4414
	61	4415
	209	4416
	50	4417
	155	4419
	635	4421
	56	4422
	670	4423
	164	4428
	63	4429
	113	443
	8766	4430
	100	4432
	22	4433
	25	4434
	2543	4438
	87	444
	451	4440
	39	4441
	4365	4442
	865	4443
	564	4444
	241	4451
	323	4452
	51	4453
	235	4457
	48	4458
	330	4463
	612	4466
	4	4467
	13	4468
	464	4469
	63	447
	265	4470
	5371	4472
	114	4473
	299	4477
	93	4478
	365	4479
	1	448
	51	4480
	3560	4481
	861	4482
	6243	4483
	260	4486
	1	449
	43	4490
	52	4493
	357	4494
	44	4495
	22866	4498
	262	4499
	1	450
	56	4500
	411	4503
	5	4507
	324	4508
	14	4510
	188	4515
	368	4516
	320	4518
	1	452
	428	4520
	10320	4521
	59	4527
	508	4528
	827	4529
	111	4530
	99	4535
	332	4536
	364	4540
	245	4541
	67	4542
	291	4543
	140	4547
	290	4549
	129	4552
	529	4553
	12	4556
	173	4557
	845	4559
	124	456
	32	4562
	134	4563
	863	4567
	33	4568
	479	4569
	1	457
	909	4573
	1000	4574
	289	4576
	35	4577
	230	4579
	1	458
	34	4580
	18554	4586
	463	4590
	33	4594
	341	4597
	1	460
	564	4601
	8324	4603
	107	4604
	185	4605
	299	4606
	226	4609
	1	461
	342	4610
	1076	4613
	130	4614
	799	4615
	1462	4616
	231	4620
	54	4622
	418	4623
	229	4625
	105	4626
	176	4627
	2023	4628
	176	4630
	280	4631
	43	4636
	276	4637
	1	464
	349	4640
	335	4641
	16	4642
	598	4643
	357	4650
	208	4653
	303	4660
	463	4666
	169	4669
	236	467
	70696	4670
	59	4671
	108	4673
	1860	4674
	150	4675
	85	4676
	61	4677
	269	4681
	1988	4683
	111	4684
	5	4688
	46	4689
	466	4690
	245	4692
	165	4693
	79	4696
	166	4697
	278	4698
	285	4699
	116	4700
	1847	4701
	177	4703
	332	4706
	16	4709
	115	4710
	810	4711
	421	4718
	1	472
	450	4723
	66	4725
	148	473
	40	4730
	906	4731
	5	4734
	327	4736
	99	4742
	48	4743
	234	4744
	5677	4747
	1	475
	866	4751
	602	4756
	315	4774
	81	4775
	890	4776
	288	4779
	1690	4780
	458	4781
	49	4785
	1343	4789
	197	4791
	12199	4792
	149	4793
	112	4799
	123	4801
	92	4803
	140	4804
	407	4805
	117	4811
	791	4812
	7	4817
	88	4818
	1122	4819
	1	482
	10	4824
	9170	4826
	45	4829
	73	4830
	1297	4831
	981	4835
	215	484
	7	4842
	4600	4843
	264	4844
	1722	4849
	1	485
	1	486
	383	4861
	186	4863
	472	4864
	1825	4865
	43	4869
	1	487
	223	4872
	1427	4876
	1910	4878
	1	488
	6	4884
	88	4889
	1	489
	829	4892
	378	4893
	118	4895
	11289	4897
	23	4898
	91	4899
	1	490
	1231	4900
	1661	4904
	44	4906
	939	4908
	14796	4909
	1	491
	1054	4911
	10399	4914
	168	4916
	2382	4917
	3397	4918
	4	4919
	1	492
	1013	4921
	6	4924
	1334	4938
	59	4939
	49	4944
	5	4950
	52	4951
	26	4953
	31	4957
	35	4958
	1031	496
	113	4960
	60	4969
	98	4970
	32	4973
	2223	4974
	20225	4976
	63	4978
	2121	4982
	343	4983
	180	4987
	26	4989
	1	499
	113	4990
	150	4992
	658	4993
	111	4996
	111	4997
	114	4998
	1	5
	224	50
	1	500
	88	5001
	221	5003
	392	5004
	1	501
	486	5017
	1405	5019
	1	502
	1870	5024
	11827	5029
	1	503
	6	5032
	2	5033
	3	5034
	4	5038
	1	5039
	1	504
	3	5040
	2	5041
	11	5042
	5	5043
	5	5044
	1	505
	7	5051
	2	5052
	6	5053
	4	5054
	2313	5055
	5372	5056
	35	5059
	1	506
	8	5060
	1	507
	8	5077
	301	5078
	1	508
	108	5085
	593	5087
	1	509
	1326	5093
	1	510
	69	5103
	81	5108
	364	5109
	1	511
	180	5111
	241	5114
	29152	5115
	669	5123
	46	5130
	21	5134
	3940	5135
	172	5137
	57	5143
	367	5144
	60	5149
	103	5150
	480	5151
	227	5152
	340	5160
	176	5161
	1533	5162
	88	5164
	191	5171
	307	5175
	3369	5176
	1178	5182
	107	5183
	59	5185
	5	5186
	7007	5191
	168	5206
	1246	5209
	1	521
	28	5215
	83	5216
	1	522
	59	5220
	1709	5222
	3968	5228
	12465	5229
	1	523
	235	5235
	740	5238
	1	524
	1	525
	45	5253
	373	5257
	63	5265
	173	5266
	298	5267
	110	5268
	1	527
	753	5270
	1200	5273
	59	5275
	1651	5279
	1	528
	134	5283
	251	5289
	1	529
	74	5290
	10	5291
	167	5293
	2151	5299
	50	5302
	199	5305
	5053	5306
	881	5309
	24	531
	32	5310
	424	5311
	1806	5313
	47	5314
	163	5317
	87	5319
	110	5322
	513	5325
	61	533
	9008	5336
	124	5338
	2038	5339
	34	5343
	39	5344
	1394	5346
	6	5348
	75	5349
	59	5350
	161	5351
	70	5352
	90	5356
	175	5357
	18	5359
	136	5360
	437	5361
	164	5364
	41	5366
	1273	5367
	201	5368
	10339	5369
	9	537
	48	5371
	43	5372
	5	5375
	137	5376
	3	5382
	13	5383
	16	5384
	23	5385
	116	5386
	80	5392
	41	5393
	218	5396
	27	5401
	45	5402
	127	5403
	44	5404
	92	5407
	1155	5408
	299	5409
	354	541
	12	5411
	114	5412
	120	5413
	2	5417
	73	5418
	45	5419
	151	5420
	26	5422
	10	5423
	103	5425
	18	5428
	39	5430
	3649	5431
	7	5432
	27	5433
	1596	5434
	38	5435
	74	5436
	83	5437
	180	5440
	14	5441
	23	5444
	89	5445
	175	5446
	127	5447
	28279	5448
	58	5449
	546	5451
	2715	5452
	106	5456
	224	5457
	6	5458
	46	5459
	167	546
	23	5460
	51	5461
	23	5462
	131	5463
	48	5464
	29	5465
	38	5466
	114	5469
	7	5470
	32	5471
	32	5472
	36	5474
	40	5475
	536	5478
	1648	5479
	258	548
	11	5480
	36	5482
	17	5483
	47	5484
	24	5485
	37	5486
	39	5487
	24	5490
	25	5491
	14	5492
	33	5494
	535	5495
	17	5497
	16	5498
	39	5499
	33	5500
	37	5501
	10	5502
	14	5503
	23	5509
	23	5510
	3	5513
	25	5514
	22	5515
	5	5519
	115	552
	231	5520
	770	5526
	914	5528
	245	553
	30	5540
	36	5541
	594	5542
	61	5543
	1796	5546
	89	5550
	309	5556
	77	5557
	616	5559
	42	556
	12	5564
	11777	5565
	8832	5566
	872	5569
	6	5571
	95	5572
	61	5573
	1896	5574
	657	5577
	2731	5578
	290	5587
	207	5589
	333	559
	14	5590
	1388	5591
	4	5595
	5	5596
	1641	5597
	48	560
	560	5607
	43	561
	78	5614
	160	5617
	25	5620
	1990	5622
	874	5623
	2938	5626
	15657	5631
	520	5635
	57	5636
	2198	5638
	686	5649
	767	5660
	2220	5676
	1585	5693
	30	5695
	1168	5697
	1086	5698
	28564	5700
	65	5703
	1562	5705
	6	5709
	79	571
	28	5711
	10	5713
	3839	5714
	293	5715
	228	5716
	30	572
	192	5723
	592	5724
	100	5729
	81	573
	1750	5731
	98	5733
	100	5734
	80	5738
	1169	5739
	557	574
	422	5740
	3166	5754
	1521	5758
	6015	5763
	340	5770
	93	5771
	100	5775
	141	5776
	323	5777
	6	5779
	7174	5781
	1810	5782
	158	5785
	55	5788
	112	5789
	186	5791
	70	5792
	1105	5793
	65	5797
	125	5798
	26	580
	51	5801
	94	5802
	124	5803
	317	5807
	83	5808
	50	581
	149	5815
	6154	5817
	8223	5822
	178	5823
	101	5824
	156	5828
	1178	5829
	246	5830
	102	5831
	57	5832
	692	5836
	346	5839
	30	5845
	87	5846
	1389	5847
	3025	5849
	10	5852
	45	5853
	214	5854
	8	5855
	3807	5856
	271	5857
	179	586
	111	5863
	130	5864
	163	5865
	135	5866
	1044	5867
	109	5870
	13790	5871
	87	5875
	55	588
	120	5881
	201	5882
	167	5884
	132	5887
	2399	5888
	106	589
	31	5892
	3666	5893
	137	5895
	1660	5896
	210	5903
	61	5906
	178	5907
	57	5914
	463	5915
	3373	5920
	346	5923
	4662	5925
	439	5926
	3504	5930
	4276	5932
	3423	5936
	381	595
	150	5952
	852	5956
	294	5973
	221	5976
	50	5978
	6445	5980
	6087	5981
	3	5984
	2411	5985
	38363	5992
	8	60
	39	6000
	18	6001
	5503	6002
	62	6003
	13	601
	3129	6012
	2730	6017
	11788	6021
	193	6022
	90	6023
	2027	6024
	654	6025
	5918	6027
	120	6028
	139	6029
	114	6030
	163	6031
	73	6032
	600	6033
	116	6034
	6	6035
	151	6037
	5313	6038
	4229	6039
	6891	6040
	123	6041
	386	6042
	1725	6043
	275	6045
	355	6046
	264	6047
	476	6053
	44	6054
	919	6056
	209	6057
	291	6063
	117	6068
	184	6069
	619	6071
	105	6072
	142	6073
	82	6074
	84	6076
	7182	6077
	467	6079
	479	6082
	10957	6084
	1061	6086
	371	6094
	3276	6095
	46	6096
	63	6097
	958	6098
	526	61
	1278	6101
	377	6108
	458	611
	414	6111
	560	6112
	85	6115
	595	6116
	26192	6117
	464	6118
	12	6119
	8377	6120
	339	6122
	655	6123
	125	6124
	736	6125
	3597	6126
	372	6127
	229	613
	220	6131
	1173	6132
	4509	6133
	1165	6134
	610	6135
	1866	6138
	317	614
	203	6140
	799	6141
	718	6143
	81	6144
	125	6147
	96	6148
	376	6150
	15463	6151
	332	6152
	5	6154
	1173	6155
	246	6156
	96	6158
	120	6159
	301	6160
	8506	6161
	116	6162
	716	6165
	26	6166
	574	6167
	130	6168
	85	6170
	99	6171
	59	6174
	271	6177
	145	6178
	380	6179
	93	6180
	481	6181
	2894	6183
	196	6184
	23	6186
	81	6187
	242	6188
	480	6189
	302	6191
	49	6192
	2640	6195
	301	6196
	1039	6197
	848	6198
	776	6199
	84	620
	42719	6200
	1092	6201
	220	6202
	557	6204
	13	6205
	3	6207
	11	6208
	147	6209
	22	621
	708	6210
	66	6212
	6	6213
	5937	6214
	2582	6215
	95	6216
	46	6217
	97	6218
	450	6219
	24	622
	150	6221
	118	6222
	59	6223
	505	6224
	1472	6225
	64	6226
	305	6227
	540	6228
	108	6229
	103	6233
	117	6234
	17818	6237
	15029	6238
	12555	6239
	11	624
	16873	6240
	166	6241
	14029	6242
	615	6244
	101	6246
	155	6247
	162	6248
	16075	6249
	371	6251
	716	6252
	1391	6253
	1121	6254
	1287	6255
	80	6256
	1556	6257
	240	6258
	1377	6259
	130	626
	102	6260
	90	6261
	34	6262
	96	6263
	220	6264
	4609	6265
	92	6266
	153	6267
	199	6269
	333	6272
	195	6273
	72	6274
	2186	6275
	138	6276
	336	6278
	1279	6280
	401	6286
	45	6288
	102	6289
	1376	6290
	462	6292
	2832	6293
	6704	6294
	1726	6295
	411	6296
	153	6297
	127	6298
	126	6299
	46	6300
	370	6301
	1937	6302
	215	6303
	38	6304
	664	6305
	7599	6306
	1043	6307
	275	6308
	128	631
	76	6312
	5271	6314
	81	6315
	766	6318
	857	6324
	21	6325
	5632	6326
	1362	6328
	175	6329
	121	6331
	237	6332
	580	6334
	124	6335
	1063	6336
	230	6339
	11094	6345
	164	6346
	137	6349
	161	635
	263	6355
	188	6356
	586	6357
	195	6359
	24848	6360
	216	6362
	169	6363
	135	6365
	333	6366
	944	6367
	109	6368
	438	6370
	386	6371
	651	6373
	189	6374
	83	6376
	1634	6378
	101	6379
	167	6380
	201	6381
	81	6383
	188	6384
	669	6385
	116	6388
	84	6389
	802	6390
	627	6393
	655	6399
	2681	6400
	274	6402
	352	6404
	1229	6405
	318	6408
	498	6409
	318	641
	55	6413
	69	6414
	87	6415
	138	6416
	1773	6417
	237	6418
	363	6420
	594	6425
	16167	6426
	121	643
	457	6431
	187	6433
	390	6434
	2511	6436
	3328	6439
	138	6443
	346	6444
	189	6445
	1062	6448
	579	6449
	104	645
	15836	6450
	1897	6453
	36	6454
	134	6455
	543	6456
	2309	6458
	4636	6460
	872	6465
	173	6466
	1399	6468
	269	6469
	329	6470
	10367	6471
	1417	6472
	347	6477
	46	648
	74	6480
	1417	6481
	310	6482
	1109	6483
	11714	6484
	1931	6486
	4776	6491
	441	6495
	167	6496
	109	6497
	77	6498
	166	6499
	21290	65
	115	6500
	1761	6501
	335	6502
	389	6505
	12318	6506
	100	6507
	143	6508
	44	6509
	67	651
	39	6510
	427	6511
	203	6512
	336	6513
	23	6514
	539	6516
	10764	6517
	34	6518
	870	6519
	84	652
	75	6520
	106	6521
	138	6522
	109	6523
	191	6524
	63	6525
	94	6526
	142	6527
	2	6528
	3693	6529
	143	6530
	10	6532
	144	6534
	64	6535
	88	6536
	57	6537
	8	6538
	399	6539
	23	6540
	7	6541
	634	6542
	534	6543
	47	6544
	5346	6545
	37	6546
	48	6547
	50	6548
	3	6549
	19	655
	310	6550
	35	6551
	878	6552
	26179	6554
	309	6555
	22	6556
	549	6557
	21	6558
	3	6559
	11	656
	9	6560
	13	6562
	1104	6563
	2	6564
	1	6565
	58	6566
	17	6567
	12040	6569
	16	657
	439	6570
	31	6571
	248	6572
	824	6573
	384	6576
	939	658
	226	6581
	569	6582
	1436	6583
	23	6584
	136	6585
	755	6586
	987	6588
	1242	6589
	324	6593
	116	6594
	1551	6595
	836	6596
	16341	6598
	203	6599
	76	6601
	1619	6602
	421	6610
	98	6613
	7703	6614
	97	6615
	2350	6616
	175	6617
	266	6618
	127	6620
	151	6621
	230	6623
	199	6624
	59	6625
	74	6626
	1088	6627
	320	6629
	437	6632
	77	6633
	40	6634
	385	6635
	18	6636
	6	6637
	16	6638
	12	6639
	409	6640
	10155	6641
	234	6642
	178	6643
	1479	6644
	242	6645
	144	6646
	76	6647
	102	6648
	14	6649
	1024	6650
	478	6653
	5	6654
	6	6655
	14	6656
	32	6657
	5	6658
	310	6659
	124	6660
	78	6661
	389	6664
	63	6665
	102	6667
	49	6668
	57	6669
	36	667
	57	6671
	126	6672
	221	6673
	24	6675
	182	6676
	1397	6678
	57	6679
	41	668
	1764	6680
	15761	6682
	16320	6685
	178	6686
	596	6687
	361	6691
	450	6693
	312	6694
	1201	6696
	11	6699
	42	67
	11	6700
	13	6701
	15	6702
	2	6704
	69	6705
	1226	6706
	54	6708
	100	6709
	293	6710
	231	6711
	804	6712
	5360	6719
	120	6724
	200	6725
	56	6726
	6	6727
	91	6728
	95	6730
	213	6731
	3007	6732
	23029	6733
	16617	6736
	6663	6742
	450	6746
	120	6747
	3561	6748
	136	6749
	1748	675
	1799	6752
	424	6767
	451	6768
	182	6769
	265	677
	571	6770
	2011	6772
	14674	6774
	103	6775
	943	6776
	739	6778
	7142	6779
	9829	6780
	5385	6781
	83	6782
	67	6783
	234	6784
	6471	6786
	4148	6787
	456	6790
	302	6793
	387	6794
	9312	6795
	95	6796
	29	6797
	1940	6798
	872	6799
	909	6800
	837	6801
	9256	6802
	1032	6804
	124	6806
	146	6807
	685	6810
	23612	6812
	7725	6818
	350	682
	9700	6825
	674	6826
	7823	6827
	6	6828
	2	6829
	2	6830
	2	6832
	4	6833
	7	6834
	64706	6835
	11418	6838
	3893	6842
	388	6843
	42	6845
	7476	6846
	63	6847
	9265	6848
	91	6849
	77	685
	3	6850
	586	6851
	19695	6862
	72	6868
	19	6869
	184	687
	103	6870
	13	6871
	32	6872
	189	6873
	23	6874
	3108	6875
	214	6876
	56	6880
	1398	6881
	127	6882
	6239	6883
	332	6884
	160	6885
	19422	6887
	2788	6888
	12878	6889
	61	6896
	3	6899
	63	690
	7	6900
	3	6901
	3	6902
	4	6903
	4	6904
	2	6905
	2	6906
	2	6907
	11473	6909
	66	691
	4699	6910
	483	6913
	305	6914
	31946	6916
	7052	6917
	16269	6923
	7622	6929
	18281	6930
	1282	6931
	608	6932
	23	6933
	3	6934
	4	6935
	32983	6937
	2732	6938
	125	6939
	2	6940
	12	6941
	5	6942
	17421	6944
	19083	6945
	36	6946
	3	6947
	17	6949
	6	6950
	3	6951
	15	6952
	4	6953
	15	6954
	20180	6962
	999	697
	50	6974
	399	6976
	3688	6977
	7275	6978
	11844	6980
	73	699
	2625	6991
	91	6993
	63	6994
	74	6995
	9	6996
	6769	6997
	476	6998
	7093	6999
	272	70
	634	700
	6684	7003
	6975	7004
	4	7005
	99	7006
	639	7007
	6279	7008
	417	7010
	10519	7013
	7347	7016
	13368	7018
	4699	7023
	364	7024
	3732	7025
	13627	7029
	25783	7030
	4886	7032
	250	7033
	48	7039
	87	7040
	13	7041
	3647	7042
	286	7043
	8284	7047
	442	7048
	603	7049
	6870	7050
	8429	7051
	18008	7055
	1543	7058
	16668	7060
	6	7063
	3428	7072
	1798	7073
	6129	7075
	80	709
	13354	7096
	808	7097
	30631	7099
	5233	7101
	2	7105
	16686	7109
	37	7111
	5	7112
	8373	7113
	328	7114
	10106	7116
	12820	7118
	446	7123
	632	7124
	12415	7125
	8658	7126
	14137	7128
	19634	7129
	8842	7131
	47908	7133
	12	7134
	1	7137
	5016	7139
	70	714
	8453	7140
	5912	7141
	425	7145
	297	7146
	8557	7149
	62	715
	2	7154
	7	7155
	24	716
	6	7161
	2	7162
	3	7163
	1	7164
	6208	7165
	3	7166
	17	7167
	17547	7169
	14	717
	23753	7171
	6178	7174
	5012	7175
	329	7176
	240	7177
	70	718
	18865	7181
	7793	7182
	489	7183
	35	7184
	26376	7185
	7127	7186
	11	7187
	1	7188
	12	7189
	12002	7190
	492	7191
	7253	7192
	10	7193
	11369	7195
	27535	7196
	5660	7197
	355	7198
	185	72
	612	7204
	33	7205
	82655	7206
	32977	7207
	4033	7208
	3096	7210
	4833	7211
	3	7212
	7890	7213
	26146	7214
	13510	7218
	667	7222
	2720	7223
	26107	7224
	10664	7226
	4765	7227
	7	7228
	1	7229
	8	7230
	10094	7232
	5291	7234
	17851	7235
	3	7236
	20341	7237
	2	7239
	7639	7240
	22829	7241
	8390	7244
	9052	7247
	1273	7248
	94734	7249
	6	7250
	2	7251
	12	7252
	8	7253
	7	7254
	7	7255
	3	7256
	2	7257
	3	7258
	3	7259
	1161	726
	5	7260
	8870	7261
	11120	7262
	2	7265
	1	7268
	24	727
	4	7271
	8638	7272
	1	7274
	1	7275
	3	7276
	12	728
	14690	7281
	2892	7284
	21349	7287
	9139	7288
	18	729
	12154	7292
	17900	7293
	14762	7296
	9688	7298
	1	73
	16	730
	15782	7302
	6487	7304
	57820	7307
	2059	7308
	17615	7309
	7853	7312
	13060	7314
	15745	7317
	253	732
	9857	7323
	7523	7327
	21940	7328
	6403	7329
	63	733
	10109	7331
	4470	7333
	13825	7338
	11648	7339
	21658	7344
	8040	7345
	14520	7347
	11647	7350
	3	7352
	3	7353
	23207	7354
	4	7355
	2606	7356
	4817	7358
	4030	7359
	9165	7360
	30478	7361
	1301	7363
	12761	7365
	40272	7367
	14461	7370
	11501	7375
	23	7376
	8176	7377
	8942	7378
	15	7379
	94	738
	1	7380
	1	7381
	8	7382
	26479	7385
	15	7386
	9186	7387
	52	7388
	20	7389
	77	7390
	82	7391
	8	7392
	2571	7393
	199	7394
	53	7395
	59	7396
	4970	7397
	369	7398
	2	74
	15096	7401
	4994	7402
	290	7403
	9719	7404
	5070	7406
	16751	7408
	10065	7410
	349	7411
	101	7412
	6494	7414
	408	7415
	4	7416
	4638	7417
	39879	7419
	11401	7420
	38	7421
	305	7422
	4390	7423
	237	7425
	4565	7426
	4813	7427
	4	7428
	5	7429
	183	743
	7	7430
	3	7431
	1	7432
	1	7433
	76	7435
	11	7436
	9	7437
	60	7438
	51	7439
	4736	7440
	253	7441
	6646	7442
	14932	7443
	6585	7446
	472	7447
	7197	7448
	15624	7449
	6230	7450
	9107	7451
	464	7452
	69356	7454
	2	7456
	1829	7457
	44	7458
	9331	7459
	610	7460
	12572	7461
	12200	7462
	3	7465
	239	7466
	3864	7467
	4	7468
	14	747
	15	7470
	4463	7471
	5	7472
	351	7473
	9	7474
	1	7475
	3	7476
	4	7477
	7151	7478
	8121	7479
	16	748
	605	7480
	5826	7481
	2	7482
	2	7483
	4	7484
	3228	7486
	9373	7487
	439	7488
	5516	7489
	23	749
	17625	7490
	18974	7491
	3951	7492
	315	7493
	3063	7494
	84444	7495
	236	7496
	8029	7498
	448	7499
	8	750
	3575	7500
	206	7501
	5037	7502
	8	7503
	4810	7504
	258	7505
	6095	7506
	16081	7507
	816	7508
	8565	7509
	23	751
	3023	7510
	5224	7513
	592	7515
	44	7516
	2382	7517
	56	7518
	16	7519
	459	7520
	6261	7521
	4142	7522
	313	7523
	6022	7524
	18194	7525
	6834	7526
	5770	7527
	1923	7528
	273	7529
	19638	7530
	7987	7531
	16455	7532
	427	7533
	2986	7534
	223	7535
	8780	7536
	407	7538
	10835	7539
	43	754
	6453	7540
	60	7541
	7942	7542
	359	7543
	10875	7544
	57	7545
	5486	7546
	329	7547
	17030	7548
	10737	7549
	1310	7550
	10366	7551
	1071	7554
	3539	7555
	3837	7556
	2	7557
	197	7558
	6605	7559
	55	756
	1	7560
	2	7561
	5	7562
	48	7563
	19	7564
	12	7565
	4412	7566
	485	7567
	9282	7569
	58	7570
	14	7571
	90	7572
	5229	7573
	414	7574
	11277	7576
	62	7577
	3855	7578
	259	7579
	2875	7582
	238	7583
	7	7584
	35	7585
	2702	7586
	216	7587
	3414	7588
	123	7589
	8	7590
	77	7591
	23	7592
	6	7593
	52	7594
	11	7595
	42	7596
	11	7597
	3250	7598
	245	7599
	45	760
	2367	7600
	14827	7601
	173	7602
	3050	7603
	157	7604
	21	7606
	5	7607
	50	7608
	4	7609
	7	7610
	61	7611
	75	7612
	15	7613
	25	7614
	47	7615
	48	7616
	50	7617
	4489	7618
	360	7619
	38	762
	52	7620
	2474	7621
	232	7622
	4760	7623
	77	7624
	14	7625
	33	7626
	17	7627
	63	7628
	82	7629
	44	763
	15	7630
	95	7631
	82	7632
	414	7633
	42	7634
	62	7635
	106	7636
	5312	7637
	434	7638
	1811	7639
	124	764
	3272	7640
	2181	7654
	369	7663
	5714	7667
	6212	7671
	108	7710
	67	7712
	4220	7713
	316	7717
	324	7720
	2213	7724
	185506	7742
	18091	7749
	13	775
	1524	7750
	8	776
	25	777
	32	779
	5	7793
	12	7795
	4	7797
	16	7798
	238	781
	2	7826
	6	7827
	190	7834
	72	7836
	31	7837
	57	7838
	154	7839
	129	7840
	40	7841
	4254	7842
	566	7843
	28	7844
	328	7845
	6687	7846
	15	7847
	69	7848
	4648	7849
	340	785
	265	7850
	4367	7851
	279	7852
	9	7853
	106	7854
	14	7855
	4239	7856
	260	7857
	64	7858
	7	7859
	527	7860
	4534	7861
	1	7862
	8534	7863
	627	7864
	2	7865
	1	7866
	50	7868
	5	7869
	19	7870
	3810	7871
	246	7872
	17910	7873
	909	7874
	9	7877
	1	7878
	36	7880
	34	7881
	99	7882
	8	7883
	3724	7884
	357	7885
	41	7886
	10	7887
	84	7888
	52	7889
	6	7890
	288	7891
	3356	7892
	3722	7893
	229	7894
	3150	7897
	183	7898
	452	7900
	4574	7901
	99	7902
	11	7903
	9405	7904
	365	7907
	57	7908
	13	7909
	3168	7910
	201	7911
	75	7913
	10194	7914
	923	7916
	2	7918
	2	7919
	4	7920
	2	7921
	112	7922
	10	7923
	5085	7924
	344	7925
	3	7926
	2782	7927
	224	7929
	3777	7930
	260	7931
	9509	7932
	921	7933
	5026	7935
	2386	7937
	3542	7938
	42	7939
	33	7940
	72	7941
	439	7942
	5833	7943
	1837	7944
	2257	7946
	15087	7947
	4290	7948
	330	7949
	4978	7952
	349	7953
	14896	7955
	13857	7957
	346	7958
	1	7959
	2	7960
	3	7961
	14010	7962
	300	7966
	3418	7967
	60	7968
	15	7969
	297	7970
	14	7972
	5927	7973
	446	7974
	12863	7975
	64	7976
	141	7977
	19	7978
	66	7979
	12794	7980
	1562	7981
	12712	7982
	35534	7985
	4	7986
	89	7988
	10	7989
	4577	7990
	300	7991
	48	7992
	6	7993
	4514	7994
	302	7995
	66	7996
	10	7997
	7743	7998
	70	80
	417	8000
	75	8001
	11	8002
	68	8003
	63	8004
	4212	8005
	328	8007
	6438	8008
	89	8009
	58	8010
	48	8011
	10	8012
	113	8013
	55	8014
	9	8015
	20	8016
	70	8017
	14	8018
	36	8019
	33	8020
	25	8021
	36	8022
	11	8023
	14	8024
	44	8025
	40	8026
	24	8027
	7	8028
	20	8029
	110	803
	26	8030
	267	8031
	3570	8032
	9296	8033
	93	8034
	4039	8035
	285	8037
	4002	8038
	254	8039
	7248	8040
	7483	8042
	655	8043
	11785	8044
	5466	8047
	546	8048
	3442	8049
	8232	8050
	5	8052
	7264	8053
	309	8054
	1073	8055
	6231	8057
	37	8058
	4568	8059
	352	8061
	10561	8062
	6	8063
	4	8064
	53	8065
	4	8066
	7323	8067
	363	8068
	6811	8070
	7	8071
	6060	8072
	397	8073
	3951	8075
	15367	8077
	4	8078
	22	8079
	141	8080
	37	8081
	7	8082
	7	8083
	4261	8084
	326	8085
	1	8086
	69	8088
	322	8089
	48	809
	3679	8090
	8275	8091
	5251	8093
	350	8094
	5	8095
	6485	8097
	21	8098
	9	8099
	1	81
	85	810
	4014	8100
	1558	8101
	2	8103
	4	8104
	19216	8105
	9838	8107
	7	8108
	79	8109
	4190	8110
	300	8111
	137	8114
	5234	8115
	345	8116
	4899	8117
	10130	8119
	8125	8120
	473	8121
	15532	8122
	105	8124
	6	8125
	7024	8126
	450	8127
	492	8129
	344	8130
	3970	8131
	30393	8132
	3	8133
	4	8134
	4	8135
	1	8136
	1	8137
	2	8138
	52	8139
	17	814
	35	8140
	4287	8141
	270	8142
	25	8143
	4	8144
	38	8146
	104	8147
	5938	8148
	562	8149
	24	815
	6075	8153
	432	8154
	364	8157
	3698	8158
	3947	8160
	12959	8161
	62	8162
	5	8163
	70	8164
	45	8165
	21	8166
	52	8167
	9549	8168
	786	8169
	20	817
	11479	8171
	44	8172
	8	8173
	83	8174
	3635	8175
	318	8176
	4110	8177
	61	8178
	119	8179
	18	818
	3959	8180
	8683	8181
	224	8182
	5	8184
	3	8185
	4	8186
	5080	8187
	382	8188
	4472	8189
	20	819
	4297	8190
	334	8191
	8658	8192
	2846	8193
	1	8194
	193	8195
	20119	8196
	2	8197
	4764	8198
	303	8199
	1	82
	1	8200
	2	8201
	3	8202
	41	8203
	2612	8204
	188	8205
	2879	8206
	279	8207
	42	8208
	5	8209
	3929	8210
	301	8211
	6611	8212
	5562	8213
	352	8214
	4159	8215
	10642	8216
	6842	8217
	368	8218
	600	8219
	98	8220
	86	8221
	23	8222
	5	8223
	5714	8224
	402	8225
	10461	8226
	88	8227
	5	8228
	4686	8229
	389	8230
	15396	8231
	5583	8232
	384	8233
	88	8234
	7164	8235
	297	8236
	10085	8237
	3958	8238
	13298	8239
	361	8240
	89	8241
	7	8242
	6298	8243
	350	8244
	67	8245
	108	8246
	3789	8247
	226	8248
	1364	8249
	13081	8250
	3903	8251
	11472	8252
	6453	8253
	11491	8255
	8397	8256
	9297	8257
	7819	8258
	10932	8259
	1	8260
	4339	8261
	9133	8262
	9177	8263
	14	8264
	6224	8265
	6357	8266
	10351	8267
	7088	8268
	14744	8269
	43	827
	16765	8270
	4	8271
	5	8272
	6	8274
	13	8275
	5052	8276
	6	8277
	58	8278
	16117	8279
	74	828
	8	8280
	10980	8281
	5	8283
	8516	8285
	2270	8286
	10831	8287
	10712	8288
	5	8289
	5	8290
	21281	8291
	1	8293
	3	8294
	12726	8295
	12019	8297
	1	83
	11540	8300
	8337	8303
	2509	8305
	1	8306
	1	8307
	4	8308
	6	8309
	2	8310
	10438	8311
	12150	8313
	12431	8317
	13377	8318
	14240	8322
	14034	8323
	16934	8325
	17760	8328
	2320	8330
	10061	8331
	1	8332
	10999	8333
	1	8334
	1	8335
	16987	8337
	45	8339
	6131	8340
	6584	8342
	48	8344
	4663	8345
	11010	8347
	8	8348
	13496	8352
	722	8354
	6021	8355
	6939	8358
	14609	8359
	16072	8360
	19957	8366
	1972	8367
	6	8371
	3581	8372
	2312	8373
	8340	8375
	15039	8376
	1	8377
	3835	8378
	8726	8380
	16064	8382
	1	8385
	2	8386
	1	8387
	2	8388
	2	8389
	1	8390
	1	8395
	2	8396
	3	8410
	5	8411
	2	8412
	1	8413
	15	8416
	13	8417
	1	8418
	2	8419
	25	842
	2	8420
	1	8421
	1	8422
	1	8423
	6	8424
	34	8426
	1	8428
	81	843
	48	8431
	1	8432
	3	8434
	39	8435
	32	8439
	55	844
	12	8440
	23	8441
	2	8442
	6	8443
	6	8444
	17	8445
	21	8446
	10	8447
	10	8448
	5	8449
	132	845
	2	8450
	2	8451
	3	8452
	12	8453
	20	8454
	13	8455
	7	8456
	3	8457
	3	8458
	2	8460
	6	8461
	2	8462
	5	8463
	1	8465
	4	8466
	7	8467
	7	8468
	6	8469
	56	847
	1	8470
	54	8471
	9	8472
	2	8473
	7	8474
	6	8475
	7	8476
	72	8477
	20	8478
	8	8479
	6	8480
	8	8481
	5	8482
	7	8483
	5	8484
	20	8485
	11	8486
	6	8487
	3	8490
	45	8491
	4	8492
	2	8494
	3	8495
	42	8496
	37	8497
	4	8498
	17	8499
	1	85
	7	8501
	4	8502
	3	8503
	4	8504
	7	8505
	2	8507
	2	8508
	18	8509
	412	851
	4	8510
	8	8511
	9	8512
	6	8514
	1	8518
	569	852
	4	8520
	1	8521
	4	8522
	3	8523
	1	8524
	1	8525
	5	8526
	7	8528
	35	853
	2	8535
	1	8538
	36	854
	5	8544
	6	8545
	1	8546
	1	8547
	1	8548
	2	8549
	57	855
	2	8550
	5	8552
	10	8553
	13	8555
	3	8556
	4	8557
	15	8558
	4	8559
	72	856
	8	8560
	11	8561
	2	8563
	6	8564
	9	8565
	1	8566
	3	8567
	59	857
	8	8572
	1	8573
	2	8574
	1	8575
	15	8576
	13	8577
	5	8578
	18	8579
	45	858
	6	8580
	5	8581
	3	8582
	7	8583
	5	8585
	28	859
	2	8590
	22	8591
	6	8592
	1	8593
	2	8594
	7	8596
	8	8597
	6	8598
	29	860
	1	8600
	2	8601
	4	8602
	1	8603
	1	8604
	9	8605
	18	8606
	4	8608
	1	8609
	8	8611
	4	8612
	7	8613
	13	8614
	11	8615
	12	8616
	1	8617
	6	8618
	7	8619
	6	8622
	3	8623
	7	8624
	4	8625
	2	8626
	1	8627
	15	8628
	16	8629
	5	8630
	7	8632
	5	8633
	4	8634
	2	8636
	1	8637
	10	8638
	5	8639
	1	8640
	1	8641
	5	8643
	1	8645
	12	8649
	7	8650
	4	8651
	2	8652
	2	8653
	10	8654
	7	8655
	3	8656
	7	8657
	3	8658
	2	8659
	16	8660
	4	8661
	2	8662
	2	8663
	5	8664
	2	8666
	6	8667
	3	8668
	4	8669
	7	8670
	9	8671
	6	8672
	1	8673
	5	8674
	7	8675
	4	8676
	2	8677
	1	8678
	3	8679
	3	8680
	5	8681
	3	8682
	6	8683
	3	8684
	13	8685
	4	8688
	4	8689
	9	8690
	8	8691
	7	8692
	2	8693
	1	87
	4	8701
	1	8702
	6	8703
	6	8704
	4	8705
	5	8706
	3	8707
	5	8708
	4	8709
	4	8713
	1	8717
	3	8718
	2	8722
	1	8723
	5	8729
	1	8730
	2	8731
	2	8732
	1	8733
	1	8734
	2	8737
	24278	874
	1	8741
	4	8744
	2	8753
	1	8754
	1	8756
	2	8757
	73	877
	40	878
	32	879
	106	886
	11	888
	19	889
	9	890
	36	891
	20	892
	66	894
	99	895
	33	896
	88	899
	60	905
	197	906
	62	907
	1958	908
	588	91
	298	914
	52	915
	136	916
	114	917
	1	92
	157	927
	55	929
	56	935
	50	936
	99	937
	57	939
	75	940
	244	941
	8	944
	18	945
	25	946
	29	947
	16	948
	2801	95
	310	951
	201	958
	84	959
	44	960
	310	961
	59	965
	68	966
	80	967
	129	97
	64	972
	395	973
	247	978
	277	980
	32	986
	49	987
	28	988
	217	989
	23	99
	31	990
	16	994
	82	999
